9 52 26 34 31 52 52 40 0 3 29 32 19 14 -11 27 41 34 62 49 -32 47 61 11 25 0 42 61 8 60 34 17 -32 33 51 -18 13 40 45 35 43 -29 49 62 -62 46 26 63 63 24 20 15 7 -50 52 32 -45 57 29 6 51 0 8 33 33 -4 47 47 16 37 18 1 56 3 17 25 49 17 36 48 2 31 63 35 24 52 4 17 45 61 
18 32 -23 37 1 -40 43 48 -3 25 21 24 50 13 3 9 39 -16 59 11 -61 4 42 8 21 3 13 6 20 59 20 39 7 35 12 0 19 55 -37 50 16 6 35 2 10 24 11 -6 63 6 60 22 11 46 44 32 -44 55 38 54 46 58 37 6 29 -48 31 48 -7 40 34 -31 7 6 63 52 30 -9 7 29 62 38 51 -38 47 32 51 59 23 -1 
27 5 58 35 11 13 54 42 8 1 19 -26 27 26 -16 56 14 -23 32 22 7 14 60 -57 8 43 -34 33 38 42 33 1 15 27 36 -35 50 27 -55 58 28 -17 37 55 13 21 47 -20 36 15 62 17 30 1 49 38 25 49 7 10 8 40 -37 36 3 -33 12 54 39 31 48 -19 4 21 56 4 43 16 19 15 44 55 32 -14 24 17 11 35 2 -45 
21 10 17 8 47 62 31 59 25 18 26 -15 32 31 -22 38 35 29 28 54 59 33 46 10 4 6 -7 13 41 59 29 62 29 22 6 -4 19 38 -20 5 56 -9 40 24 58 33 63 3 4 27 6 55 60 56 11 0 -44 48 13 56 23 42 26 9 1 33 42 20 -26 7 25 -57 62 2 -7 20 35 -28 13 39 -32 61 31 -55 27 42 -48 63 26 55 
13 49 18 25 59 49 43 37 11 36 44 -23 20 42 18 29 62 17 37 12 -45 8 9 -61 39 37 50 6 36 -53 50 49 7 9 10 -52 32 54 59 12 26 28 17 46 2 24 12 -7 2 49 42 19 58 -20 4 33 46 30 40 -3 19 26 -49 57 35 -9 26 4 -42 32 16 1 19 33 15 49 57 49 13 59 3 53 14 42 38 18 31 61 49 -6 
56 4 49 36 61 6 27 23 -13 8 55 58 15 11 5 5 60 20 6 9 -63 57 62 21 38 36 11 53 33 22 43 25 56 60 62 56 49 25 25 41 34 -33 50 49 -52 27 54 50 62 61 59 27 54 -47 7 29 21 6 18 1 53 61 -49 41 58 -10 25 43 61 33 20 33 32 6 -22 42 34 -24 48 32 -5 63 59 -10 12 3 51 61 9 10 
16 62 -59 61 39 58 39 1 50 43 34 -33 17 2 51 41 44 -12 55 28 -27 2 27 22 3 39 -50 34 36 -26 18 53 29 0 50 -13 40 25 -47 59 5 15 35 22 -51 17 63 20 33 54 -56 17 56 -22 60 60 11 43 30 -15 34 48 -37 24 49 -24 54 25 53 20 21 -62 21 56 -11 23 9 -16 6 42 -44 16 59 -47 54 55 46 2 34 63 
51 5 -33 25 29 -1 49 19 34 35 40 43 25 61 -63 38 20 -43 51 26 19 54 43 24 49 33 58 41 35 14 62 23 34 4 48 -36 59 34 -28 12 5 -59 49 30 -51 15 5 9 53 56 -59 6 46 8 17 31 -3 20 8 -25 58 7 -19 36 11 41 44 7 -59 8 19 27 11 4 63 12 19 -43 33 9 11 16 15 -26 43 32 -3 38 53 56 
5 47 22 59 19 44 34 0 50 42 8 10 56 19 23 36 31 -39 21 0 -35 62 17 -26 21 60 -43 11 34 26 10 40 -3 16 35 -41 34 5 -44 58 48 -1 38 40 -18 22 12 27 25 33 -46 38 31 12 1 52 3 61 63 -5 46 10 3 14 26 -48 2 60 56 53 55 -52 49 29 -44 0 51 -48 46 12 -44 29 50 26 29 52 -55 25 49 36 
56 32 20 62 46 -10 40 48 47 24 38 41 55 23 46 63 23 21 18 5 -10 7 35 -41 26 0 -28 34 26 41 41 18 2 58 16 18 37 57 -1 13 17 -50 44 8 60 40 7 -15 23 26 -49 19 33 -42 1 59 -38 35 29 6 54 6 29 42 0 -29 12 38 -51 30 51 -36 23 32 27 38 8 16 13 32 -47 57 51 -31 8 52 26 23 23 15 
1 13 17 60 55 -10 8 3 -14 13 34 -20 35 57 -50 2 31 5 40 44 -26 40 37 22 9 45 52 37 5 -36 31 6 -19 32 2 43 33 11 -25 8 24 -48 34 60 -13 29 62 -58 32 38 -1 3 14 31 25 23 57 35 60 -23 4 28 -21 50 60 29 24 29 25 2 37 -29 13 7 30 18 36 22 54 4 34 6 7 58 60 32 7 32 3 -29 
8 7 3 55 58 -62 40 18 -60 36 20 50 56 34 -62 9 52 -8 23 42 24 12 48 57 14 45 55 40 13 8 62 21 52 48 12 -5 30 52 62 41 24 20 25 17 21 16 26 -36 44 49 -3 13 61 24 53 12 27 61 52 -16 9 50 -57 29 34 51 42 0 17 10 41 58 63 2 -63 21 18 10 32 63 -19 20 12 52 57 1 -22 11 62 -43 
42 8 7 31 37 59 32 15 -5 21 26 -63 35 25 -18 2 46 20 59 14 -28 38 35 52 14 28 -9 2 40 27 42 18 -24 4 49 -46 0 17 19 60 39 27 33 10 -58 8 13 -40 1 8 -12 58 46 -55 62 60 45 4 62 -4 8 40 -28 20 44 -27 5 44 -16 5 40 -56 32 9 -26 19 17 -62 53 19 44 38 13 -59 57 11 -4 41 15 -2 
1 23 -43 44 43 -55 8 48 -45 53 54 31 10 22 52 41 41 -62 21 31 9 9 5 63 44 62 -55 12 40 -43 42 41 60 48 21 49 35 29 42 3 19 20 11 29 49 28 6 24 63 27 -57 53 36 1 56 17 55 7 29 -48 37 7 21 26 55 18 59 27 -11 13 30 -36 20 41 -41 50 5 -13 57 5 57 31 58 14 10 51 -26 51 58 -4 
5 31 -2 0 57 17 16 53 52 62 2 -21 63 22 35 29 8 -62 1 1 -48 0 32 6 36 42 -21 24 30 -17 42 35 54 2 35 45 18 51 -58 61 50 -23 6 49 -28 56 15 38 48 16 2 44 17 -13 35 53 59 13 13 -54 49 55 45 52 58 43 49 12 29 34 10 40 22 16 -24 32 9 -23 50 57 -26 6 37 -55 59 9 -25 26 22 -49 
23 8 -61 55 60 -6 58 45 -58 48 16 16 25 38 4 51 6 5 28 56 20 21 63 57 32 58 49 31 20 46 44 43 -56 49 34 3 47 28 -59 58 12 11 15 37 15 53 24 -28 35 52 -16 11 10 -12 24 42 35 46 9 -7 26 54 -18 15 39 -9 0 22 -9 30 17 58 13 32 43 33 21 -17 60 57 47 15 4 1 33 28 -11 45 10 41 
13 36 37 24 51 -21 5 51 44 14 18 -34 35 31 -49 30 0 60 50 60 -13 58 11 -57 12 44 32 8 25 -15 13 38 46 9 62 -46 43 3 35 36 17 25 46 53 6 25 19 49 25 5 53 18 63 -60 15 11 13 40 19 -17 11 33 23 18 42 61 13 21 14 60 58 -62 60 40 -55 28 1 14 60 26 58 24 44 58 0 59 -55 21 35 23 
3 46 9 23 1 -5 42 14 40 1 10 -20 41 7 -37 6 35 5 54 31 -35 44 55 30 34 56 53 35 13 20 55 16 -47 45 39 -29 12 18 -36 1 19 21 48 60 -22 8 2 23 33 56 14 20 37 -59 52 7 60 16 42 59 15 33 -24 60 14 24 43 27 -53 40 28 -59 47 13 7 62 21 10 47 54 36 0 10 62 8 63 -44 8 15 -20 
21 30 -34 50 26 -36 54 5 39 13 45 40 54 29 11 28 27 -30 3 10 -23 35 10 -58 40 18 -51 52 26 -20 42 47 -9 2 33 -10 40 24 13 41 37 -42 6 27 30 49 55 24 48 59 19 38 30 -44 38 7 -32 37 59 41 51 38 29 31 40 -23 37 16 -26 49 57 14 43 63 -17 1 48 -58 51 33 -42 47 7 11 53 45 -37 14 18 -48 
2 5 30 37 36 -36 41 9 35 6 59 -60 7 38 61 36 39 -53 57 26 6 8 9 32 54 63 14 43 13 -28 28 15 60 50 52 -49 49 30 -63 63 36 -26 7 43 -59 14 16 58 5 9 41 30 17 -46 61 8 -39 10 51 -50 40 15 24 12 2 23 19 51 -22 36 50 62 48 57 -53 34 7 -58 60 13 36 48 43 5 45 40 41 42 50 27 
52 27 -12 13 39 8 27 58 -4 7 31 42 23 15 16 19 50 40 30 46 -9 51 30 49 25 11 -55 7 53 -15 40 41 -40 25 55 -7 12 18 -44 50 26 -9 11 49 -8 29 4 -36 54 35 28 29 22 26 46 47 -24 40 54 20 21 30 46 28 56 5 11 4 -17 52 55 22 60 2 -15 19 31 0 29 21 -53 20 50 44 42 33 -22 11 9 -28 
33 30 -2 33 59 -45 24 6 49 34 58 -41 5 54 36 26 9 -22 52 38 24 48 59 -51 3 37 10 4 48 -63 60 17 39 18 51 -48 32 11 -22 50 45 9 60 51 -36 7 13 18 50 1 -49 50 50 -25 36 53 36 56 57 62 21 53 -6 16 7 59 7 39 -48 3 26 -33 58 22 61 38 29 28 28 15 44 57 1 -1 16 38 -15 13 30 43 
57 51 -44 55 3 29 40 10 12 37 14 24 15 8 -47 44 46 9 22 11 -19 2 4 -46 32 20 53 51 33 -22 0 27 -33 2 18 -4 11 59 -48 60 32 -3 7 47 -51 40 27 -45 39 49 -40 53 52 -29 4 20 34 58 8 -12 13 8 -51 20 10 -26 30 21 51 50 18 60 21 25 39 63 2 -39 24 41 53 60 30 32 36 34 -32 33 28 13 
63 42 43 56 62 61 3 28 25 10 14 9 48 35 -35 6 35 37 54 59 35 24 56 -13 46 28 38 25 61 49 11 60 47 6 52 62 10 56 18 36 2 58 16 50 -13 22 56 -54 29 47 -63 14 7 -18 28 54 -12 13 15 54 27 26 -33 18 32 3 8 43 55 25 15 -8 57 32 56 61 54 -38 35 19 -21 5 33 -23 31 62 44 22 11 -51 
10 38 31 58 57 -2 31 1 -16 60 26 -58 27 20 -57 45 17 8 55 52 -17 48 58 -32 48 25 12 39 47 -46 44 57 35 12 52 -17 13 19 51 56 16 -61 51 43 15 14 24 -44 31 15 10 4 63 57 10 48 -9 14 23 8 29 3 -47 19 16 -23 2 29 19 50 21 -50 61 9 63 27 23 -21 11 55 -33 47 59 -56 13 5 -59 4 19 58 
43 48 -58 12 4 45 32 6 55 8 57 12 0 54 55 36 17 47 32 28 52 43 11 -11 54 24 16 49 29 -54 3 8 43 25 20 7 62 53 27 1 61 -60 25 62 -6 58 34 22 50 2 34 34 45 -30 12 36 -60 60 21 8 62 25 -17 49 50 -1 40 48 -29 38 49 -27 28 10 9 9 4 -48 7 55 -29 33 25 -39 7 37 49 6 33 -23 
33 32 -8 5 17 -35 62 58 4 43 32 -49 22 60 14 63 5 59 10 12 44 23 46 -26 18 53 4 48 59 -15 36 29 36 49 34 1 48 32 -49 32 12 -16 1 34 -47 44 34 49 28 44 -30 3 4 -53 3 22 -3 41 6 -2 48 43 28 23 28 -2 15 13 -36 2 45 -41 20 46 19 35 26 -53 56 55 12 25 58 -7 40 62 42 44 39 1 
44 23 46 9 46 -22 9 61 -49 41 63 17 21 20 63 35 55 47 20 47 -51 49 8 11 18 48 -1 9 29 -11 6 9 21 47 19 59 52 28 32 6 5 -36 5 26 20 50 61 -54 57 17 -9 56 2 35 49 20 -21 40 29 -15 6 36 3 59 19 -10 30 7 -9 62 13 41 30 18 27 18 4 32 62 61 57 25 53 52 60 38 -56 16 14 -49 
1 20 9 60 15 -26 9 45 6 51 44 -8 33 10 -4 42 29 25 48 27 54 7 52 -30 33 48 -44 16 1 -27 28 2 47 12 62 10 15 8 -18 25 59 52 48 28 1 25 6 30 6 54 14 48 62 15 16 31 -12 23 47 -16 44 11 43 21 23 -24 14 38 -43 53 63 40 7 47 -59 36 8 3 30 14 61 51 63 -12 60 15 10 54 38 9 
48 18 -19 45 40 0 41 54 -26 44 43 -34 43 51 13 6 23 57 39 54 49 63 41 -27 21 38 -3 11 28 4 48 12 16 32 58 23 40 35 -45 23 15 -22 5 58 -40 34 0 -35 8 40 63 61 39 -26 48 61 -3 51 8 -46 29 56 -13 25 24 -35 61 1 38 23 24 -35 29 29 -41 22 63 42 39 8 -7 45 5 -40 29 53 -21 51 41 -12 
37 6 59 36 31 -25 28 28 52 56 51 -61 35 17 46 8 39 -59 46 14 -17 60 60 22 50 25 -24 36 13 23 31 50 -31 17 22 12 28 51 -8 40 43 38 12 14 -62 13 22 -31 14 5 7 22 1 -50 36 51 -62 39 24 38 19 55 -3 5 8 2 22 37 -55 3 13 55 35 26 -29 21 39 -31 46 53 12 21 12 45 57 48 -53 54 23 8 
0 42 33 60 47 10 15 5 -32 21 8 14 6 43 32 5 0 -4 27 46 28 53 4 49 17 61 9 33 51 -45 8 51 -51 39 47 23 14 63 -10 26 20 48 51 27 29 39 32 60 2 59 48 18 49 54 47 2 -35 59 35 36 31 44 -37 44 19 -51 41 33 44 42 59 2 52 46 -60 41 21 19 30 23 19 2 42 6 42 25 -47 15 20 7 
39 51 -32 50 32 60 45 9 -17 38 51 -2 52 39 63 29 16 13 39 47 32 44 49 -57 34 28 -7 26 43 -7 54 19 -56 62 5 -5 25 50 -38 21 25 26 12 13 35 50 43 -44 45 18 38 63 62 3 60 32 -31 17 58 -36 59 49 -41 25 47 -36 22 9 9 29 30 49 23 43 30 56 29 -44 42 10 20 11 9 58 30 5 4 12 23 -6 
38 18 -22 19 43 -13 6 2 2 43 31 -58 41 54 -14 52 46 -1 43 25 49 51 36 -23 58 2 45 32 15 30 1 53 4 19 9 -40 21 15 -45 31 58 -1 8 35 -57 28 23 4 13 2 -60 8 54 -13 13 48 -60 23 16 -48 56 18 -61 43 37 25 10 58 -16 43 26 23 43 34 -8 33 63 -16 6 12 12 3 21 23 37 34 12 10 57 30 
61 49 16 38 28 11 24 39 40 25 18 59 20 62 41 50 31 42 40 37 -11 32 41 -21 14 14 -59 44 24 -41 26 22 15 27 60 26 1 21 30 33 46 21 28 3 -57 57 53 56 21 29 29 61 61 10 59 11 25 26 55 -51 51 18 53 60 45 -50 34 46 -27 47 15 50 15 43 6 44 36 23 41 57 20 12 55 50 23 50 -33 49 12 -49 
36 63 -33 44 60 -16 49 30 52 11 14 28 20 29 28 31 9 19 32 51 -11 63 63 -35 27 22 6 2 8 -19 33 44 33 18 24 -23 48 10 37 60 21 37 24 41 61 31 9 -11 10 41 58 47 40 -28 11 3 58 25 6 16 52 39 -23 14 58 58 36 42 1 24 39 -15 27 63 -10 58 30 -51 35 40 -36 63 24 -31 26 35 -44 12 61 -51 
5 49 -46 43 63 0 41 35 -9 49 59 51 14 22 9 21 17 -60 37 52 54 31 52 13 1 14 -20 38 26 9 18 32 25 37 11 -11 50 52 60 41 37 -42 8 51 28 37 9 7 33 46 -45 5 13 -32 1 14 -22 32 53 -35 61 7 -1 10 44 10 23 30 -32 6 7 -47 49 15 -3 51 53 27 5 22 47 12 27 -36 7 28 58 17 60 -50 
53 57 50 57 4 -30 8 27 27 11 33 21 51 19 -59 14 6 -23 51 11 14 6 24 18 38 31 -54 21 48 -40 57 37 7 36 30 39 59 38 -18 48 49 -41 45 36 -16 57 51 29 58 38 30 17 44 -12 3 18 -50 17 40 -57 27 33 -15 31 6 13 39 1 -29 10 50 19 15 31 28 38 24 60 4 18 -57 45 35 41 46 38 9 14 55 -57 
31 18 -1 22 50 21 43 25 34 38 36 8 19 51 4 37 25 34 41 29 3 20 10 -4 42 56 -57 19 7 -12 36 38 11 23 60 -36 15 39 -59 9 14 -14 53 33 -5 0 6 -1 35 48 -27 24 4 -8 48 46 -10 46 2 -37 35 38 36 43 61 21 36 13 -32 55 22 56 46 12 -30 24 12 46 28 48 36 61 8 -62 40 57 -16 12 39 -25 
55 11 60 9 54 25 23 26 -39 12 18 -43 16 0 -42 53 25 15 32 53 -22 60 50 32 27 26 -17 41 39 -52 57 30 -15 48 39 34 36 62 -13 37 11 -16 60 27 -61 32 16 36 16 48 -51 48 44 -32 24 8 13 58 49 11 3 43 -28 23 27 -6 33 63 36 5 36 -7 60 32 -15 51 0 21 3 16 -36 8 0 50 63 25 1 16 19 7 
9 22 -36 32 45 -5 30 14 53 27 19 43 35 15 -30 6 2 -19 57 5 29 29 13 26 45 12 61 5 29 45 14 38 5 3 6 -35 18 36 22 33 0 -27 19 35 -17 38 42 48 58 35 11 30 0 21 2 45 -44 0 50 29 16 1 60 55 4 -59 10 22 -16 44 55 41 33 11 33 37 49 1 44 43 37 57 9 24 19 12 -42 57 12 12 
61 28 12 38 19 -31 22 30 61 42 10 22 62 43 -40 53 16 27 23 61 4 28 54 -7 33 9 -61 20 2 -33 58 63 50 32 38 4 11 60 -25 12 38 41 4 36 -16 8 25 -39 61 48 -35 29 12 62 7 46 -53 61 2 13 63 60 -22 30 29 -49 16 40 63 32 52 -36 58 56 20 63 0 58 20 61 14 39 27 -18 47 34 56 1 32 -21 
21 31 -37 40 61 -45 34 13 -28 23 45 11 51 39 22 50 38 22 11 59 -28 21 34 60 43 17 -39 47 18 49 53 39 -27 56 16 -25 24 50 -15 32 9 35 28 60 -27 17 47 -25 6 58 48 56 15 -17 6 58 8 54 41 16 6 31 -54 53 23 -40 34 48 -55 29 16 12 5 45 -59 20 62 55 10 4 -25 59 60 15 14 2 -24 51 56 -33 
42 62 24 8 52 46 55 22 42 23 51 55 1 56 17 40 13 13 61 23 1 13 19 17 45 33 48 7 20 -7 10 62 -46 45 7 -39 39 62 52 17 21 12 11 23 60 51 63 -23 24 60 47 2 10 17 40 55 36 16 62 47 49 8 12 17 53 -61 36 28 -29 14 45 -19 44 57 61 2 44 -63 37 4 -2 31 6 3 45 46 39 28 63 2 
31 48 49 33 1 -1 42 38 -33 49 52 52 14 32 -26 1 34 -51 52 7 45 35 39 58 28 20 58 12 48 47 58 15 57 48 49 -23 28 27 -32 37 13 10 27 27 34 10 28 30 37 16 44 4 51 53 42 15 -6 63 27 -26 18 21 -39 22 6 37 28 34 -58 7 7 -35 39 34 7 40 44 -53 11 17 30 53 22 57 7 0 -27 44 63 -7 
2 18 61 39 40 21 61 4 -57 46 12 -41 45 51 -52 6 27 48 60 38 35 3 28 0 61 35 -63 6 15 -31 43 17 62 38 56 -37 38 53 -40 9 36 -44 52 17 16 1 23 -23 58 20 57 5 23 -24 38 20 -31 8 26 -17 41 6 30 28 44 25 55 18 50 23 28 1 3 16 17 35 17 42 30 11 -50 63 17 -46 61 55 55 29 63 27 
13 40 46 15 4 -10 9 60 63 56 19 8 12 23 -17 48 58 -17 44 24 -8 60 23 -26 35 20 -8 30 50 29 52 63 -16 15 14 -4 23 23 -50 49 16 4 39 28 41 45 12 14 4 57 -29 38 53 8 26 25 47 5 55 -16 47 43 -8 2 59 31 26 18 52 45 3 51 20 42 -43 18 23 -22 10 27 -44 26 1 7 2 27 38 62 32 32 
44 16 -57 25 18 9 21 44 21 41 26 -30 12 46 -57 12 1 -38 24 11 -30 29 38 -1 23 40 -26 43 38 63 54 18 -32 44 43 -10 30 1 63 33 42 -63 40 54 60 24 2 21 32 26 16 2 55 -41 38 15 41 38 58 -17 6 48 -49 54 28 8 56 58 -29 39 28 -37 48 4 -36 40 28 1 32 60 -26 36 63 27 14 37 -30 32 11 39 
24 17 -60 34 7 61 24 0 -59 14 39 63 47 24 55 6 0 59 31 32 -36 19 5 59 63 19 17 57 52 1 46 12 -4 18 47 39 19 7 42 15 21 20 38 4 -52 2 10 -34 58 42 15 46 61 48 34 60 -48 59 54 -35 31 36 -10 21 54 42 19 10 -62 16 25 -49 53 63 -21 50 1 -60 47 59 0 13 42 -50 47 12 -7 37 7 34 
15 38 49 6 60 33 43 15 -8 24 31 41 26 21 45 32 7 -6 49 55 12 44 4 -10 37 51 51 26 25 13 5 40 -60 20 46 19 25 26 -37 41 50 -3 17 12 -51 57 44 -43 35 30 43 8 10 23 23 47 1 50 9 -9 20 14 13 28 34 3 33 60 -62 52 37 58 39 54 -12 47 48 32 63 19 59 5 27 -3 16 50 -15 14 36 -54 
37 56 -33 36 20 35 18 53 -9 26 42 2 20 17 53 26 1 -25 13 0 -40 29 5 -52 56 21 -24 3 35 31 23 8 62 57 45 57 62 63 -30 63 26 -36 37 46 -52 2 9 -51 14 22 -28 46 51 12 40 44 6 21 47 24 37 6 -13 46 63 -38 11 62 15 29 61 13 26 35 -58 40 37 -29 55 51 -50 6 33 -23 26 10 -6 4 31 33 
18 4 -16 40 50 -3 43 61 34 45 27 30 10 53 51 21 29 62 41 20 -9 19 26 -21 48 52 39 58 57 -44 50 11 63 49 51 -16 47 30 -40 43 11 23 36 21 58 1 42 -51 2 19 -30 55 38 13 14 23 26 46 17 -56 46 3 -19 50 52 60 40 35 -56 28 14 -26 43 51 -37 47 52 37 16 54 -18 5 46 59 20 60 53 24 42 -2 
20 24 -2 28 10 -25 22 51 -37 47 15 -50 19 59 12 12 42 10 48 59 -50 40 0 -2 6 21 -58 59 45 28 1 1 -4 10 29 -26 8 52 8 42 35 -6 26 54 3 61 2 37 20 51 -36 33 27 -56 29 33 62 20 28 2 54 29 34 49 39 58 54 48 -47 46 26 -28 53 52 17 56 49 -4 37 5 0 13 38 -60 53 3 -54 51 24 -1 
29 14 25 9 63 -26 19 53 -20 16 35 -34 49 25 48 7 17 47 32 54 36 44 3 13 19 56 46 27 43 7 63 9 -21 0 18 20 41 37 34 1 54 -37 52 39 -15 26 46 47 50 15 -21 14 59 54 17 15 26 24 42 19 54 42 -43 35 42 -63 16 19 -56 50 21 -4 55 9 -15 22 35 0 5 21 -28 43 36 -52 19 53 59 52 13 -59 
1 4 12 22 39 -5 62 55 48 12 41 -49 15 33 -20 58 55 0 19 60 -28 59 39 2 30 59 39 17 47 51 46 48 -20 53 7 -5 38 5 46 43 17 -26 5 33 53 40 27 -50 47 46 22 11 41 56 11 7 44 0 24 59 3 6 55 10 59 46 57 34 32 31 13 11 46 19 36 31 59 28 6 42 42 42 53 -6 54 0 -1 60 1 59 
50 4 37 25 15 14 6 8 42 57 39 -22 62 21 -38 35 52 21 36 59 -34 18 37 -51 42 27 45 9 24 -42 0 10 56 62 35 2 56 42 -35 19 35 -57 60 33 -34 56 5 6 48 41 -41 18 59 21 41 37 56 1 46 46 26 47 -14 56 45 -23 36 37 3 25 57 32 52 53 10 37 46 14 11 30 24 43 48 11 49 25 15 19 27 -19 
12 53 22 16 45 -32 56 18 25 9 43 43 62 31 63 21 5 -16 48 16 1 53 59 24 53 45 50 26 0 -52 46 12 -15 49 29 20 34 21 -10 56 30 59 7 29 -37 11 50 -22 62 34 54 14 23 -48 15 12 1 41 39 59 30 21 -11 8 7 -48 32 41 -4 10 33 45 31 40 -53 20 51 22 13 49 -34 23 0 -5 28 15 38 14 56 56 
0 22 -34 62 30 -45 26 63 -56 10 9 -3 25 41 -26 5 61 1 35 10 -8 36 33 10 60 61 8 32 11 -28 44 11 32 13 10 -18 53 36 17 6 46 63 56 8 -5 18 13 -57 31 49 -44 30 21 18 29 17 23 43 49 21 49 29 21 13 42 53 8 31 21 1 37 -23 4 29 12 48 47 17 25 15 -57 13 45 -62 34 11 60 52 54 22 
18 40 -58 60 53 -30 47 61 -5 7 63 18 13 3 -38 27 52 -7 54 13 39 3 26 28 36 60 26 23 49 -15 59 3 -61 60 63 -25 40 47 5 52 54 -19 37 3 21 51 30 57 49 20 -48 62 23 -22 57 60 -44 62 19 -29 58 14 -36 30 10 29 56 51 19 15 39 19 37 12 61 62 63 -34 12 49 -59 39 47 -14 28 40 -18 14 39 29 
49 33 -34 24 0 44 62 56 43 19 7 13 30 44 35 44 42 -8 24 54 -53 24 29 -14 48 58 -52 4 8 48 43 58 -63 32 18 15 32 16 42 18 35 -41 44 1 -63 17 45 53 54 5 45 12 29 57 18 14 -6 0 18 -6 21 62 -27 11 30 -58 2 62 1 48 17 -22 38 61 58 7 14 0 19 5 -56 22 17 30 54 35 36 16 35 15 
50 56 44 15 4 25 61 6 -63 60 54 15 29 28 -54 0 36 -44 15 55 -36 36 13 -20 22 3 55 22 19 -56 40 6 -2 57 21 -30 40 18 50 21 14 -30 20 44 -16 15 44 -28 25 59 50 40 31 58 9 53 3 13 11 47 52 52 0 20 45 26 56 21 -21 34 42 -59 3 62 -56 0 14 -25 33 39 -30 57 16 -62 31 25 -46 9 38 -8 
6 26 2 9 47 -43 33 39 56 11 10 45 4 13 4 41 13 52 58 46 -38 7 39 0 51 7 -45 20 16 -47 1 22 -14 34 31 -13 48 0 -19 19 11 -45 33 16 61 45 57 -27 7 52 -36 8 59 29 26 46 26 4 2 22 21 4 -16 0 38 -9 26 23 -11 27 42 20 39 11 -38 63 56 -59 37 63 -6 56 8 36 51 34 44 53 38 51 
7 59 -38 47 59 -15 54 21 4 61 49 -13 16 24 60 50 23 26 14 60 -6 30 53 -20 41 40 56 34 30 -30 30 37 2 29 21 -63 3 11 -62 0 9 56 40 25 48 27 11 30 6 26 24 49 56 -55 36 34 -4 57 4 13 53 34 -46 44 0 -24 30 3 22 38 4 2 31 44 -1 48 7 39 25 13 -18 62 63 28 24 35 -1 26 29 10 
59 18 39 1 62 -14 28 28 26 2 3 -37 50 34 -25 58 19 58 14 44 31 60 42 -32 35 2 15 43 28 44 56 23 -54 40 24 48 23 52 -47 10 55 44 1 41 -60 36 35 -11 14 50 23 6 46 10 60 17 -50 22 61 29 13 53 63 22 29 59 29 53 -61 1 63 25 39 1 10 48 37 59 12 52 29 20 58 -35 6 54 60 58 13 5 
11 26 0 51 49 3 51 14 -54 40 15 45 20 55 55 41 39 14 34 52 44 12 8 -31 37 15 -44 16 9 -53 55 20 49 20 7 10 15 59 -59 62 35 -24 45 56 -22 29 33 53 51 3 6 60 16 42 0 53 -19 58 5 -37 1 61 -56 34 17 44 53 32 -5 22 31 61 6 12 61 46 42 -59 61 29 -51 0 25 44 11 25 -8 38 19 42 
10 20 10 2 55 -49 2 44 57 61 2 -50 28 8 8 50 54 -57 42 51 -40 38 51 31 49 63 -56 50 37 -46 57 47 -62 60 49 7 17 52 -35 7 49 -49 27 13 -4 60 0 8 7 42 -26 47 16 -35 49 2 -42 12 52 -2 58 45 -24 61 42 34 55 59 10 29 2 -30 5 30 13 54 26 27 29 34 0 55 17 -57 5 2 -51 18 14 -54 
4 9 38 37 6 22 56 62 47 62 27 -38 54 33 44 60 23 -33 1 52 -18 49 43 -7 50 49 -47 52 3 -6 43 8 0 16 45 -28 30 37 -37 40 36 17 53 26 6 31 22 -11 36 24 37 11 9 53 4 59 -63 63 48 -52 8 27 13 27 43 60 52 10 34 11 50 18 61 39 37 17 7 39 59 43 -19 26 55 61 36 59 22 31 58 -3 
29 2 11 36 29 13 24 17 -21 49 28 3 47 26 -18 7 43 25 53 38 27 60 0 24 12 36 -54 23 3 55 19 33 27 42 5 30 44 29 -22 57 14 18 56 61 -33 30 4 30 12 58 -11 37 54 -38 53 2 47 0 25 0 5 44 -58 12 22 -50 49 3 20 40 60 -13 59 52 53 40 18 62 0 30 -25 62 3 -29 61 56 31 33 56 -21 
8 61 9 16 10 46 29 59 54 7 35 52 63 30 -13 53 6 31 48 6 4 36 5 -14 15 2 -53 59 35 13 1 43 42 52 59 -4 61 24 -40 9 31 -23 17 31 -9 13 20 42 27 4 -57 8 41 10 57 56 6 34 51 40 3 53 34 34 41 -1 11 38 53 48 47 39 56 0 1 30 13 47 11 40 47 63 49 33 55 42 47 50 12 41 
17 15 -55 27 50 -57 32 61 9 62 45 14 60 37 57 24 4 -58 9 15 9 63 14 -63 29 6 37 52 56 49 62 9 42 61 36 1 37 5 -31 51 3 -21 48 63 53 45 24 1 55 33 39 41 32 53 13 62 -17 26 50 25 52 48 19 29 45 -55 56 18 -25 16 5 -29 22 53 45 2 34 -2 49 25 51 48 2 -57 62 15 15 17 42 -19 
29 30 -47 51 59 58 45 51 48 44 3 -21 46 26 47 48 28 -1 10 13 -41 6 62 -1 34 60 -14 60 13 11 8 43 -59 4 30 -8 45 11 -34 40 55 30 40 37 -43 29 22 -10 52 32 59 36 38 11 22 8 -45 24 4 -55 4 12 54 14 16 -1 19 61 26 11 37 46 7 13 -41 28 42 -1 14 30 -35 13 2 -19 10 25 27 3 49 -63 
9 54 -1 59 4 -31 10 24 -18 37 35 0 54 42 -56 45 7 45 58 21 -18 40 34 33 60 44 -3 24 47 42 57 56 -3 39 51 -15 37 62 52 32 35 -27 1 25 -38 48 7 38 9 1 9 0 41 -19 58 37 36 13 62 49 18 55 20 12 30 -59 11 3 -8 34 36 17 29 37 -10 2 21 53 46 30 14 47 31 19 18 25 -13 33 39 7 
31 57 55 21 5 -43 63 17 -19 39 51 39 50 16 -52 23 18 -48 2 0 34 47 47 -16 6 1 17 2 34 51 60 1 -63 45 23 -2 61 22 11 17 62 -28 8 48 22 37 7 -62 24 10 -58 41 57 -31 25 63 -62 34 1 -54 19 61 -28 60 43 -45 43 40 26 43 57 -13 31 2 45 35 39 -18 57 63 59 16 40 -44 23 1 -8 31 36 -19 
9 55 -25 53 51 -41 56 31 -39 18 10 16 41 41 -42 49 12 -59 1 6 -37 26 22 -12 45 45 -50 0 12 42 20 22 -11 37 11 46 34 4 11 7 22 -34 37 63 -60 6 49 16 14 50 54 21 12 -60 5 58 -49 55 58 -45 12 14 -40 25 51 -15 25 21 57 56 28 11 33 2 1 52 8 23 20 22 -12 57 43 10 53 49 -18 31 40 -49 
21 52 -39 33 13 43 56 38 -36 20 30 4 5 0 -37 54 52 6 24 8 -6 44 2 -47 13 55 62 39 22 -47 60 43 -30 30 12 37 52 5 -5 32 25 43 40 30 -34 50 21 5 4 45 -8 44 26 46 63 39 27 4 14 -52 48 10 -44 17 41 -63 0 29 60 21 61 -55 8 37 40 60 23 19 36 27 -24 20 7 -53 7 7 13 49 11 -42 
49 59 49 29 13 50 22 13 -52 19 34 7 42 42 50 31 38 -34 41 10 -55 32 31 34 50 38 -3 42 23 -41 49 8 -63 3 38 -45 61 60 -21 21 15 -60 43 57 55 38 24 -18 56 1 41 38 34 27 28 20 41 24 62 46 32 48 46 35 51 51 51 48 54 16 6 59 15 49 -51 56 23 63 8 15 -15 35 54 -1 28 18 -11 60 42 31 
50 10 12 49 45 60 22 32 19 55 48 18 40 63 -7 18 56 -54 20 0 17 24 35 -47 62 0 -14 56 60 34 49 46 -9 25 32 -22 53 54 27 1 46 31 19 22 -9 22 40 27 48 60 57 25 21 57 57 19 -24 42 12 45 6 61 1 45 22 63 1 11 -28 53 12 -43 26 31 21 63 53 33 27 37 1 56 63 -36 57 56 -40 57 34 50 
54 41 -61 33 22 -59 44 23 -60 45 12 4 29 39 -58 34 38 -45 16 1 34 58 58 -1 57 51 9 11 44 -29 42 34 -19 5 3 -49 55 47 57 53 29 0 63 58 -6 40 28 -42 7 44 -9 12 38 -50 15 31 -52 11 43 16 41 21 10 48 26 -8 13 18 -45 1 7 52 1 6 50 41 46 25 54 54 -52 5 2 0 14 17 -52 10 28 -51 
51 5 -18 62 53 49 12 2 12 10 3 17 37 5 -20 58 46 50 44 36 -34 10 42 -55 14 56 -62 50 3 3 1 54 45 37 52 -25 36 0 -60 52 11 38 12 48 -34 41 43 20 53 23 -25 55 33 -3 59 47 -20 17 34 53 3 35 34 58 9 4 39 45 10 23 33 47 10 45 -8 2 23 -59 40 12 -17 50 4 -6 39 63 21 20 16 -35 
4 19 -59 42 14 9 4 53 20 30 12 41 4 22 35 26 24 36 27 0 22 51 51 15 44 26 23 20 46 54 31 50 25 13 28 59 4 32 51 40 62 14 45 2 39 32 28 22 42 55 44 1 42 18 27 22 -12 53 43 -3 32 10 26 30 23 53 42 27 2 43 3 -45 57 48 5 30 17 -37 27 59 -50 24 60 22 9 24 -28 19 13 -3 
12 45 14 54 11 3 61 53 52 35 33 -34 8 26 -15 48 56 -48 52 19 -58 47 44 50 21 53 -36 18 8 24 57 20 -48 43 11 -31 51 8 -55 23 43 -15 61 52 39 20 36 -51 60 24 52 32 7 -59 0 29 -41 56 47 15 61 40 49 48 19 9 47 7 11 35 30 -6 56 27 -25 39 48 -1 15 44 -27 11 12 37 50 12 15 15 4 61 
52 2 -18 45 50 -19 50 33 -1 62 4 0 54 60 30 34 36 1 50 51 39 26 62 48 10 49 -12 22 0 23 18 52 -23 54 33 -16 45 19 -49 44 18 3 8 8 63 0 43 -46 40 29 -50 61 56 33 30 2 -56 11 24 -32 61 42 40 49 32 18 24 14 -32 32 58 -29 44 2 -51 53 3 60 34 43 -23 3 40 -3 34 6 -57 50 18 36 
2 15 -3 6 1 12 43 25 -16 36 57 -17 47 37 49 3 27 36 1 61 -8 29 0 21 49 34 -30 7 20 11 54 22 -16 15 28 31 8 8 -46 16 44 21 17 28 36 21 31 -9 28 32 30 15 62 46 42 47 -6 11 55 14 63 45 -4 2 60 49 6 4 -22 35 20 -43 57 38 11 52 59 10 11 24 -42 31 39 23 51 17 -5 42 28 6 
54 27 21 24 29 -19 22 35 -47 29 6 -14 16 63 -18 31 52 61 13 63 61 27 30 29 40 17 49 36 60 20 23 50 15 55 10 -52 19 32 38 51 61 42 40 13 42 3 44 4 26 57 -18 8 21 61 30 61 -30 4 33 3 7 56 -16 38 47 -20 34 2 -40 1 53 -33 39 30 27 13 33 -62 38 59 41 63 4 -38 53 34 41 61 38 -53 
1 46 -5 55 20 15 55 54 51 24 55 -23 54 31 -24 33 44 -50 57 18 33 11 17 -49 49 7 51 21 4 56 25 6 58 22 61 -8 1 53 4 47 13 61 18 3 5 19 36 53 53 30 34 19 41 -21 53 26 3 57 47 12 36 9 -62 60 31 -45 41 32 -22 11 15 7 37 33 -39 30 52 49 3 42 3 59 61 62 4 51 -18 20 44 -7 
40 16 -28 3 13 -31 27 54 55 40 1 -30 2 39 -14 31 5 29 32 9 -29 0 4 43 8 8 -12 43 28 55 62 4 -32 25 7 -18 20 34 18 47 10 8 25 12 -50 37 43 31 38 12 -15 16 12 37 56 20 -33 19 0 -32 27 62 -20 51 23 14 24 43 -41 51 26 -31 15 52 -7 19 25 41 28 63 -22 46 16 -10 4 8 -60 34 28 -7 
28 55 -41 26 42 -23 32 2 -41 9 53 25 60 4 56 59 23 -10 38 51 32 29 33 -31 32 37 26 56 7 9 15 35 20 37 62 -29 18 30 26 42 39 4 29 35 -31 4 31 60 5 5 -8 5 35 49 21 3 -40 45 59 7 34 11 -39 13 48 -17 35 2 31 58 44 -6 7 10 21 24 14 51 0 19 37 28 24 43 26 45 -21 61 27 -31 
39 61 -51 53 10 61 1 45 -36 44 40 53 62 47 28 51 7 16 8 7 61 34 36 -10 31 62 -24 31 59 -25 27 34 59 34 24 42 25 25 -43 18 5 22 56 3 26 39 55 9 37 63 -32 55 33 -51 33 0 49 56 31 53 43 59 23 26 29 -24 20 55 -42 60 9 46 11 1 53 10 41 62 15 14 45 28 5 -17 13 38 -26 60 31 52 
38 10 -4 51 36 -55 23 57 14 21 53 -24 25 0 -51 32 10 7 30 26 -9 27 54 3 57 4 -33 23 0 59 20 39 63 13 26 -41 35 49 -22 48 7 22 6 32 41 30 0 -17 31 30 62 47 57 39 4 50 54 63 9 -27 26 29 22 62 42 34 7 13 56 9 61 -25 0 4 11 56 34 26 58 2 26 22 49 -24 40 53 57 63 52 44 
22 14 61 20 13 23 44 20 -60 53 30 22 6 30 40 54 22 14 39 16 -3 53 38 60 61 15 -9 54 14 -45 57 36 -59 25 56 -45 35 36 -5 59 25 -8 17 31 23 42 22 56 38 61 12 36 50 -2 19 47 7 55 38 5 16 31 44 55 56 50 43 27 17 51 23 49 26 40 48 31 18 -37 58 57 10 38 29 9 57 49 14 26 40 4 
10 56 -33 29 47 3 41 26 -47 24 14 -62 33 40 36 10 7 -31 8 1 53 4 40 -17 50 33 -16 15 59 -1 19 5 32 53 35 -34 16 12 59 6 36 -13 19 6 52 8 16 -41 15 24 -54 16 28 -38 46 14 60 61 30 49 52 49 4 36 38 18 4 54 -42 62 60 16 6 15 57 54 23 34 45 39 -3 37 55 -3 6 37 -23 7 34 16 
4 22 54 7 59 -5 44 63 15 30 61 5 52 3 -44 16 57 -39 60 38 43 0 11 -54 33 17 -54 17 25 -21 30 29 -36 29 36 5 2 17 4 29 47 -60 53 35 -10 29 51 7 28 47 21 2 47 34 31 17 62 33 34 -24 5 0 7 63 29 -25 53 31 -53 41 61 -56 27 50 53 15 15 5 61 43 16 16 45 12 47 12 52 32 45 42 
41 50 61 16 50 -26 28 39 -52 56 16 -48 4 43 30 50 59 -38 20 56 4 36 8 22 36 56 19 53 24 -14 40 1 -33 28 18 -12 45 46 -17 29 38 11 11 42 -50 43 29 -37 26 49 -6 53 21 0 62 58 -56 19 47 62 21 24 13 10 52 1 49 33 49 63 62 32 30 9 -33 40 52 -47 45 15 -52 42 4 7 47 2 -56 45 21 17 
2 43 60 25 53 -56 2 39 -32 25 38 -8 23 4 41 63 44 63 4 25 -34 58 3 55 5 51 41 11 32 0 0 34 -36 13 60 -29 14 62 -62 48 24 30 16 47 58 58 46 37 25 50 -9 6 44 -37 56 49 31 45 60 60 55 60 40 44 9 56 22 23 45 40 7 -25 32 24 61 28 18 -48 5 43 45 8 50 -38 14 42 19 7 23 -29 
32 14 15 27 58 22 19 17 -3 9 57 -35 23 25 -28 20 53 -13 63 59 11 28 3 -63 37 17 10 31 24 -53 22 56 63 10 19 -2 7 38 39 27 47 61 55 6 14 43 26 27 50 25 -53 36 53 -61 8 26 37 22 58 -62 60 16 19 49 26 3 32 33 -8 32 61 -23 25 52 -14 43 32 10 50 18 62 53 54 -2 58 62 -40 17 20 40 
63 17 18 38 2 -45 32 34 -46 0 2 -61 16 27 49 39 6 -53 24 56 56 34 45 53 34 40 57 61 57 23 17 56 -56 54 30 -45 54 62 -10 23 63 16 53 15 30 7 54 -18 58 14 -54 62 49 -58 57 19 -45 49 16 -41 62 34 -53 28 24 11 60 14 -63 62 37 52 2 26 -1 33 34 -47 6 28 -3 36 26 -15 47 19 -30 34 5 -23 
14 3 -27 50 32 39 53 28 60 55 27 51 55 29 8 7 63 34 14 5 21 35 41 -55 41 24 59 2 58 -50 44 8 -34 56 59 -20 29 48 10 16 39 -19 40 31 -44 27 38 37 48 52 7 33 23 1 45 0 18 12 3 -53 48 47 58 23 40 -21 31 5 46 3 21 -17 2 61 39 30 25 14 58 9 45 27 43 -56 37 24 -9 8 36 -36 
38 20 30 12 43 -36 45 10 -13 62 13 -24 55 15 30 15 46 -27 14 40 21 1 3 13 11 40 60 22 49 46 36 23 -32 34 35 -17 7 16 -2 50 14 -39 49 6 33 46 21 -11 4 35 48 36 36 26 46 48 -12 17 6 6 23 43 -36 50 13 -17 56 20 -38 8 6 18 38 56 63 20 38 -63 47 43 -30 51 15 2 57 61 47 40 14 16 
8 38 -55 63 24 38 25 16 -50 3 24 -16 60 63 30 58 19 62 14 2 -4 6 53 20 34 47 -28 46 23 -39 0 32 -32 62 31 25 8 57 43 39 60 -52 13 56 11 42 51 -45 46 1 -56 29 7 -31 27 41 -6 23 23 54 33 24 -37 17 22 2 25 30 -36 49 6 -15 33 19 34 17 61 -31 19 44 52 24 9 37 19 37 7 60 60 54 
61 29 -3 30 46 -29 31 7 -49 24 56 -51 14 25 -3 61 42 -58 30 62 29 1 22 55 44 41 -17 0 38 -40 43 35 10 47 2 37 8 33 2 0 57 11 62 8 -60 15 5 -8 30 35 49 24 37 -9 28 17 -13 5 17 -58 42 60 -19 44 43 -12 28 52 36 19 52 10 2 51 -43 11 2 -25 62 32 -39 47 57 31 54 21 23 39 27 -1 
62 5 -50 57 50 54 53 14 -42 19 34 -62 42 36 -3 9 47 -59 45 45 23 52 28 -39 33 19 -16 30 58 12 45 57 60 56 50 -62 46 39 0 25 58 42 56 36 19 10 45 52 30 26 55 19 15 11 1 48 -24 5 14 0 35 59 63 7 51 -28 29 34 16 2 59 50 8 51 2 51 61 13 14 27 8 22 47 -11 58 48 -61 50 53 56 
36 25 20 15 32 -35 44 62 7 48 0 33 47 8 36 19 60 -43 36 10 46 15 32 -7 10 26 -35 52 12 -16 45 48 0 34 63 17 10 43 27 20 28 -41 25 11 45 17 30 -21 6 2 -5 22 18 -43 22 28 59 6 16 -34 43 62 -19 42 32 -26 9 42 -18 38 62 -52 3 23 -15 40 40 33 10 46 23 53 4 28 1 26 -35 39 32 -28 
25 12 16 60 54 54 31 63 -21 45 37 -12 23 40 42 12 16 -14 32 26 -41 55 16 -57 31 17 -4 36 56 9 57 17 15 12 14 -34 63 45 53 28 26 -23 55 49 30 41 61 43 3 30 49 11 21 -19 23 52 -22 62 24 35 6 17 47 25 29 57 35 28 -40 43 56 55 25 47 -28 46 24 5 20 27 -3 21 38 18 37 62 41 7 60 -42 
32 2 52 11 28 11 4 63 -38 42 42 -55 42 3 5 27 50 -9 10 6 -54 22 27 17 56 1 -50 14 8 -61 60 40 39 60 52 -43 26 56 -40 20 35 46 6 13 -8 40 41 12 35 51 -50 57 9 44 53 1 -41 48 15 -26 39 12 -58 32 8 -28 54 34 49 10 54 62 9 61 2 12 37 30 0 8 -55 59 1 61 18 55 -47 41 39 -31 
9 14 13 17 46 49 13 36 31 1 47 -14 25 56 48 62 4 15 12 5 -57 13 0 -42 23 18 7 35 60 -24 63 5 -14 38 22 5 22 35 44 41 36 9 50 61 1 56 59 58 35 7 11 23 20 -8 13 44 -20 57 15 -9 13 14 62 46 53 63 62 11 29 51 52 -62 22 38 25 50 30 -8 19 2 41 56 25 55 30 38 6 23 32 45 
11 45 -56 5 27 24 20 26 8 7 13 0 30 35 31 50 22 -40 2 41 -9 26 33 -21 6 0 -53 30 23 -36 5 34 62 59 39 20 38 60 42 29 3 -27 8 33 13 25 19 -29 9 22 -39 59 48 57 7 54 61 57 20 16 11 25 -31 10 21 52 36 59 4 25 24 52 26 32 46 63 58 -44 58 3 -37 30 63 45 36 6 58 41 63 63 
6 10 49 5 20 0 43 56 11 14 17 9 51 44 59 58 43 -8 20 38 -42 4 4 -4 36 40 37 58 18 -60 36 24 2 39 29 -41 0 8 6 20 22 17 0 10 -2 13 4 49 20 24 60 31 28 47 40 0 5 56 58 49 6 30 -3 31 5 8 11 5 62 48 25 -26 39 26 -23 9 39 46 23 60 -54 11 27 -35 4 3 -59 37 59 3 
24 2 15 35 33 -30 11 44 36 59 29 39 2 4 45 19 13 41 40 37 -54 21 48 36 30 52 -19 39 25 2 42 49 -18 11 20 -21 50 31 -1 30 27 1 35 29 49 3 49 -57 10 25 -63 13 47 3 43 13 -1 12 53 -9 41 31 -42 8 43 -42 8 29 48 53 59 -13 62 30 50 12 33 32 39 43 34 39 56 -55 23 35 23 60 48 35 
59 25 31 43 34 -31 47 42 2 19 31 -41 18 30 -50 47 42 -50 60 17 45 35 56 -8 57 15 15 29 12 17 53 7 63 45 50 -57 16 33 -63 16 53 -2 11 7 46 37 54 59 32 51 51 6 22 14 37 16 6 40 45 -37 26 34 -61 38 16 -53 20 32 17 45 49 -3 37 60 56 59 33 55 59 1 -39 12 8 6 21 45 48 45 21 62 
18 48 -4 61 22 -49 27 43 -41 26 24 -57 14 61 44 9 56 36 59 51 37 32 63 43 28 20 -34 39 1 21 32 19 25 59 17 -31 38 44 -21 49 6 63 46 20 12 39 29 62 1 25 -62 29 57 24 1 21 0 19 61 55 58 29 -32 17 24 -11 62 62 -15 23 47 44 7 29 -36 53 4 -24 26 6 -49 51 35 32 10 37 36 54 56 57 
35 50 -25 35 3 -40 53 1 42 50 24 -27 54 32 7 13 21 3 2 47 46 16 34 -10 24 45 59 53 35 21 15 6 -24 6 41 -12 21 30 -22 34 17 -26 30 7 -26 56 20 54 23 23 -50 59 39 46 3 63 47 48 52 9 21 3 42 44 9 50 6 30 -32 34 0 -54 22 31 -19 42 23 -51 19 46 25 43 42 -31 38 45 -6 14 30 -53 
25 51 -62 42 32 -1 37 38 24 62 8 1 40 30 -59 25 8 49 30 27 4 59 7 33 63 45 62 2 60 -56 58 21 25 54 0 -46 59 37 28 30 35 36 2 11 5 5 36 -18 32 2 58 41 61 10 28 60 50 60 63 49 59 57 63 45 47 -56 63 42 51 55 9 26 56 11 13 24 17 48 0 49 1 3 26 -25 14 54 -4 6 50 -23 
58 45 63 3 26 -5 13 25 -40 59 17 31 13 9 26 41 33 59 42 33 -11 45 37 10 45 51 -52 42 57 63 38 51 -25 28 54 32 1 3 -25 16 63 37 41 12 39 13 53 -60 2 31 21 40 12 16 40 58 6 30 36 -23 6 11 25 28 39 31 13 40 -7 23 56 27 50 33 -40 22 46 -12 28 48 -41 4 24 -61 16 0 -35 16 30 -31 
8 37 -24 52 1 1 22 14 -41 59 37 1 32 23 -34 16 46 -63 54 10 26 60 14 33 14 31 21 26 47 3 10 55 -39 6 43 -51 40 1 40 51 61 24 54 29 -5 26 45 46 45 36 61 49 32 -17 13 46 17 41 8 -13 36 18 36 4 24 8 38 1 -13 22 52 31 43 42 -32 24 4 -51 51 50 24 25 35 -54 13 48 -29 32 25 0 
34 62 57 27 2 -63 0 40 60 39 62 -59 10 42 33 11 2 -32 57 54 9 11 15 -9 61 28 -6 29 60 -8 5 30 34 63 57 17 18 58 -45 38 33 60 46 43 48 32 54 -47 23 47 26 63 58 3 11 55 57 6 20 14 27 25 35 46 25 -35 4 43 11 2 18 -55 62 0 -3 37 33 54 14 56 3 45 55 56 27 2 -38 37 9 -1 
43 36 -22 15 19 18 44 23 -16 4 25 -8 60 23 46 32 60 -29 59 10 -58 5 55 7 9 18 -16 5 55 32 22 34 -40 0 49 -7 3 30 -59 49 34 -51 50 30 22 51 63 0 21 58 28 47 63 -61 0 8 47 20 14 -30 49 36 17 51 36 46 7 39 -56 51 24 39 55 10 -49 19 61 -7 44 18 21 15 1 -26 41 2 -29 22 22 30 
59 8 -41 2 59 61 58 2 12 17 53 3 9 45 -47 32 0 -43 54 44 63 6 59 0 21 37 -28 45 59 26 18 54 -12 28 56 16 9 51 32 30 4 31 11 13 27 2 46 -22 55 36 -54 63 43 8 8 0 46 19 45 27 52 0 -14 30 28 1 2 37 40 41 3 -9 6 14 -51 15 17 46 25 8 -35 16 7 29 2 15 21 25 34 -26 
43 23 -25 52 53 38 54 55 42 42 33 45 35 39 -12 41 54 13 29 16 5 53 32 -51 57 34 49 61 59 -55 46 38 -21 32 27 -43 45 17 -58 32 59 22 23 30 45 28 7 -33 50 36 -45 16 26 3 54 19 55 44 16 -26 4 62 -31 51 30 -45 23 12 -4 50 44 -58 47 3 -27 18 31 -32 44 17 34 22 34 -53 32 24 53 12 4 47 
51 8 -25 1 59 -23 41 18 45 35 5 14 24 52 -9 43 6 21 6 51 43 6 9 8 31 42 31 12 54 -15 8 42 -9 3 43 -30 29 20 55 2 55 -4 20 15 6 42 59 50 31 1 48 37 7 2 14 39 -39 15 51 59 20 59 -55 34 63 24 44 28 53 8 30 -37 41 51 -1 62 29 -50 25 60 -50 40 33 -13 0 47 46 2 62 6 
58 19 -39 29 53 -50 42 33 13 12 41 -3 38 18 -14 15 16 27 51 42 -58 24 18 -28 5 18 47 25 20 13 32 14 31 35 43 36 36 22 60 2 34 -47 62 8 42 45 23 -7 57 10 61 1 35 -39 42 40 20 3 2 -8 27 34 7 5 5 -60 37 42 4 39 44 61 18 42 -12 15 23 -20 29 16 44 21 17 -62 31 59 -34 59 63 -32 
43 26 13 42 31 -11 20 5 30 20 44 -42 54 62 -48 33 13 53 36 43 -38 49 0 -54 33 32 17 57 27 38 20 7 -49 17 49 -39 19 5 57 0 25 -35 24 15 -37 27 49 6 52 21 38 30 6 40 24 39 29 14 32 -31 3 52 25 18 5 22 1 25 -53 52 25 10 20 49 57 49 12 21 28 1 -63 50 31 39 9 55 -61 63 6 48 
17 9 7 42 28 13 52 29 -10 3 17 32 43 37 25 35 23 -14 11 51 22 9 38 40 12 47 41 55 46 -29 2 0 58 1 42 61 6 31 -3 36 34 -6 27 14 -61 4 49 -16 57 60 -48 47 5 56 4 18 18 16 9 58 35 11 56 63 12 -11 55 19 54 12 55 15 50 19 47 62 23 25 33 16 41 56 63 -46 52 3 -8 32 19 39 
58 54 63 20 53 -1 24 44 51 60 56 10 2 43 -38 22 41 -4 27 11 26 28 3 2 35 55 35 60 23 -41 30 17 -63 11 37 -47 5 62 6 17 58 27 21 60 -52 44 18 1 26 45 -6 24 9 62 21 45 -57 21 41 -26 41 8 4 51 19 43 50 24 -1 30 42 -2 3 63 -25 18 44 48 11 6 35 15 31 40 22 52 -46 21 10 -57 
43 51 -3 18 38 -36 31 24 43 42 55 -50 47 58 20 48 12 9 3 24 -16 3 39 17 13 62 54 3 19 59 35 62 46 11 16 15 7 48 -25 27 26 2 25 10 60 22 58 9 0 62 57 48 1 -1 63 14 -49 2 18 47 16 53 -57 16 1 -48 55 8 54 54 35 49 44 60 5 28 18 63 24 18 -38 45 2 54 41 1 52 35 4 -33 
48 20 59 59 36 -2 22 27 -53 34 17 -12 8 61 15 56 25 -32 34 50 56 11 31 62 53 8 60 45 43 39 56 27 -21 56 22 5 57 44 46 2 14 11 46 22 -17 22 14 59 16 49 -60 29 60 -8 45 49 15 62 30 15 19 22 -25 60 14 20 9 7 31 50 9 -11 45 55 16 37 13 35 54 30 47 58 59 -50 28 40 -28 7 38 -17 
28 57 -4 13 53 8 19 63 -57 6 49 -60 8 30 32 32 3 53 6 58 17 30 52 35 49 16 -12 54 23 -19 25 52 -17 18 1 42 26 20 -50 42 27 -41 3 35 -1 19 3 -17 49 9 32 45 39 15 37 25 -13 5 15 20 11 40 56 11 58 15 1 21 -20 53 63 30 27 2 -37 32 21 -15 40 7 52 42 52 27 32 25 36 38 30 -5 
4 42 -58 22 53 56 41 54 26 17 44 -14 19 7 50 57 39 -60 33 15 11 19 57 -38 45 25 9 31 0 -41 33 4 -34 10 27 -43 46 4 23 39 21 57 31 41 -54 25 34 0 41 3 1 63 23 54 10 4 -35 47 35 56 50 4 5 31 15 -54 1 61 -59 26 37 35 31 4 50 44 30 21 32 7 -20 35 6 43 32 17 38 55 0 -54 
13 50 -57 40 17 20 30 18 50 25 45 -22 41 12 -20 34 56 43 61 24 19 27 60 -1 17 28 -1 10 19 -35 39 33 38 9 9 -7 57 40 -31 39 1 53 58 42 -24 18 12 -8 7 9 39 4 36 53 7 53 8 27 0 -58 47 39 -43 53 48 -6 12 42 63 53 17 33 12 12 -6 47 30 59 10 37 58 62 41 27 46 48 -56 59 11 39 
27 58 51 28 47 -7 38 59 53 25 49 -13 12 61 -62 42 44 -42 19 54 10 6 53 -60 29 35 46 41 30 19 54 57 12 42 21 -15 14 60 -8 29 21 59 61 33 56 41 11 -2 51 31 -51 34 37 2 59 2 19 5 43 -54 26 33 32 41 11 45 40 26 33 35 55 -12 14 52 22 55 29 51 11 16 61 22 50 55 22 46 -12 58 51 -6 
60 13 42 55 54 -2 8 31 31 21 2 11 55 16 -36 59 7 34 10 19 -44 56 41 -53 11 0 1 32 58 -26 32 54 -60 2 45 -26 48 54 -10 55 11 35 54 3 -22 40 62 -63 56 8 -33 23 0 -47 41 11 -49 41 43 44 28 11 -21 28 14 -22 19 62 15 40 53 59 0 43 25 40 20 -9 23 12 -56 26 35 8 6 13 31 50 54 -63 
24 19 21 52 47 24 61 2 -9 61 43 17 8 43 48 22 19 -30 34 42 23 54 4 -51 10 10 27 41 60 -60 51 20 -44 8 8 -33 44 6 1 13 3 -30 36 11 -20 39 33 -63 61 3 -39 32 57 -46 38 3 61 57 44 24 2 31 -48 31 39 4 43 19 -39 57 33 44 51 5 -30 23 44 -38 15 42 58 49 10 11 23 48 19 8 41 33 
54 43 53 56 10 29 2 53 55 19 47 36 38 34 60 5 57 -25 4 8 -57 7 57 34 2 17 14 1 25 -27 43 15 34 53 7 -47 38 10 24 42 29 40 16 3 51 59 8 -35 18 13 30 20 20 14 31 22 55 27 23 23 63 3 -4 15 56 -17 42 30 42 58 8 63 57 24 34 26 19 -18 52 38 42 23 58 -37 52 25 57 33 52 35 
40 52 -16 63 3 13 29 45 -32 5 39 -41 10 32 -40 18 58 -51 35 47 -34 1 6 25 51 58 -38 60 28 -20 28 4 -18 63 3 -62 26 32 -18 19 37 -59 20 47 43 46 2 23 28 37 19 47 39 5 61 26 36 36 22 -17 63 50 59 15 49 47 34 11 -1 34 30 14 10 51 -46 19 33 45 22 61 -49 8 45 22 0 42 38 51 14 -6 
2 13 -38 22 28 7 45 62 -59 36 33 43 1 43 -31 14 62 -28 28 20 -61 16 28 25 43 29 57 33 16 -59 45 19 -42 43 41 28 27 22 15 23 58 -42 49 60 4 62 10 -12 44 38 -10 24 55 -29 49 34 -7 52 3 20 5 48 -22 36 28 -26 31 55 -9 24 14 -36 51 63 -45 57 61 -19 61 42 16 22 2 -62 12 52 -41 30 40 55 
1 46 19 55 18 -3 22 49 -52 11 9 -22 59 60 -43 38 53 26 28 51 -40 56 9 7 11 21 8 0 52 59 57 53 46 35 45 -18 40 3 -58 37 15 13 49 10 -47 60 48 -50 4 12 54 55 4 48 44 15 -24 21 16 4 38 9 -39 38 44 16 55 21 63 58 58 28 6 43 50 14 39 28 12 44 0 61 35 43 56 15 9 8 36 62 
12 10 58 5 48 -62 44 40 23 22 34 54 15 40 -37 18 54 -2 5 3 4 5 0 -12 10 56 28 30 0 60 2 12 -55 47 18 37 9 62 10 56 20 -20 34 35 23 55 53 29 51 58 -6 28 0 43 39 10 27 2 40 -25 0 42 -52 9 25 -31 3 35 -17 36 27 -11 40 61 -57 19 52 -42 53 40 -2 26 4 -8 0 43 46 30 45 -22 
60 46 40 39 55 -35 36 58 -1 31 31 -26 46 7 1 32 26 -23 7 16 -43 41 42 0 10 42 31 54 8 13 9 5 55 7 44 46 30 17 -50 24 48 -31 45 31 3 0 63 12 8 7 -56 55 48 -1 43 58 15 10 48 -39 22 58 -4 17 1 -12 3 31 -32 47 55 -26 59 36 59 13 37 -25 58 45 -20 55 36 17 31 15 6 49 25 50 
11 48 -49 43 1 51 55 4 -3 20 51 -30 33 46 -1 14 60 30 58 54 -24 45 46 -31 16 13 -56 45 62 5 59 9 -43 3 52 46 12 43 -8 52 63 -57 19 33 44 23 47 -21 63 41 53 21 22 44 15 38 -18 24 19 -31 59 15 14 14 18 40 34 31 -27 58 19 -31 6 39 -52 0 62 8 54 61 -51 34 18 60 61 33 40 36 58 -49 
10 53 24 57 4 27 28 38 -60 43 33 61 58 39 49 41 39 -57 8 29 -21 15 63 63 45 60 -45 48 33 45 7 43 20 45 36 18 38 0 13 61 44 61 40 38 41 58 15 52 10 23 -7 24 39 -3 56 20 27 57 4 3 53 12 -51 38 57 61 27 31 62 54 29 -21 51 5 -20 22 0 52 33 10 30 8 34 44 47 26 -36 19 20 20 
23 9 -35 7 47 5 26 10 -17 46 0 23 46 51 -13 20 10 -22 10 43 18 23 51 0 11 35 -63 19 54 -40 31 13 50 56 20 36 10 47 -1 59 29 8 10 12 59 30 32 4 50 42 -58 16 1 -62 17 12 35 45 31 -41 28 63 6 21 55 -56 60 1 23 46 60 -21 32 6 -26 5 36 59 53 22 -49 15 39 -1 29 56 54 14 37 26 
53 2 -19 42 23 -60 51 19 -13 43 1 25 0 33 15 34 39 -11 36 28 -2 16 43 -13 62 9 11 57 23 -55 19 13 -62 44 55 -47 60 42 -30 13 21 53 26 21 9 46 55 -46 39 27 -45 54 44 18 44 42 8 26 35 15 46 54 54 4 34 -60 49 30 -58 50 43 3 52 6 47 23 52 -25 34 27 30 8 17 -21 26 61 -13 53 24 54 
40 6 13 39 11 13 30 60 63 62 46 -39 52 34 40 63 58 -11 1 28 -19 31 36 -52 41 63 61 30 52 12 54 28 55 4 4 -54 53 34 58 5 32 58 0 20 48 1 19 -28 54 21 -33 7 52 51 42 30 52 10 60 33 2 50 63 0 54 7 10 44 -5 16 49 33 4 49 43 27 50 18 44 40 -13 25 48 51 43 26 -25 59 36 -48 
0 38 -44 34 38 -55 7 48 -22 15 0 63 55 5 -46 51 32 24 3 13 47 40 38 -51 2 17 -13 57 13 23 45 13 13 18 47 -59 46 55 61 54 6 -20 47 61 -47 25 48 -60 53 52 -15 58 28 -25 46 30 23 61 24 0 47 5 -14 8 23 -21 7 6 51 54 60 6 38 44 -60 27 5 -56 49 59 -29 19 53 -48 28 35 -21 55 32 -30 
30 16 -59 19 24 22 56 31 -24 19 21 -29 53 60 -19 19 23 39 34 8 -37 37 28 -18 5 56 -26 3 47 -4 25 14 -7 52 33 49 38 25 33 31 45 62 20 34 43 53 53 -8 27 24 33 61 61 -49 19 2 38 13 5 -7 40 30 13 18 18 4 21 57 2 54 24 -7 45 44 31 32 33 8 43 60 35 62 57 19 45 13 -26 20 26 63 
43 2 55 16 21 -36 23 42 -15 55 32 31 4 14 17 51 46 -29 23 25 3 20 23 -10 14 4 -16 10 25 14 12 4 14 45 21 31 32 44 -60 12 35 -60 16 39 30 0 26 62 17 49 -53 30 5 37 37 19 -37 57 30 58 40 42 21 25 23 30 31 55 34 15 3 -29 31 19 0 62 19 -31 11 36 -59 49 3 8 47 40 -4 50 34 -56 
13 10 -38 45 35 48 34 2 -39 3 17 1 7 48 10 50 46 50 55 57 46 46 43 47 42 26 -21 57 12 1 39 26 -56 63 7 4 46 42 21 21 45 -10 0 53 34 62 39 -17 15 31 -36 5 13 -14 62 55 6 32 48 52 35 23 -10 49 22 23 33 5 -9 20 26 -9 23 26 40 11 24 -45 46 40 -1 10 45 57 17 44 49 50 12 51 
32 47 53 40 32 -37 56 2 2 49 22 59 24 45 -38 52 57 12 56 39 -49 26 49 15 10 2 51 48 52 -33 7 21 -46 54 61 13 59 53 -36 5 39 19 41 63 -39 40 52 23 0 44 -3 63 6 29 44 16 33 5 1 -40 42 8 35 63 62 -62 52 57 -13 43 62 -11 56 40 -10 50 16 -33 38 16 57 0 16 -58 12 60 -21 25 2 44 
27 44 -19 50 43 48 7 31 -5 17 10 12 2 2 -31 50 53 10 23 27 -45 39 27 -53 62 39 48 38 1 -2 14 28 -62 63 15 22 47 22 62 24 39 -32 63 41 50 15 27 -39 47 50 25 31 26 57 32 24 5 29 62 -33 28 13 -42 7 12 -36 30 59 -37 21 19 21 22 19 39 25 34 -41 18 17 51 37 48 61 20 16 -22 43 45 -27 
2 9 17 54 17 43 57 47 13 18 4 -9 18 26 38 59 52 -60 0 6 24 55 43 47 8 0 10 49 43 34 25 45 35 14 36 8 16 29 38 13 48 -5 29 2 39 1 62 12 6 62 -61 29 53 35 36 61 24 59 46 -18 0 8 51 15 22 -3 46 38 -26 61 51 9 17 17 43 63 18 58 33 24 53 9 53 31 28 25 -35 48 21 23 
46 21 -20 26 36 35 42 19 47 24 16 -49 53 33 54 21 32 -50 51 1 7 15 10 52 32 39 -53 46 23 5 43 5 -58 47 32 -18 10 10 63 12 34 16 1 24 41 7 45 -20 31 33 17 15 48 45 53 17 18 53 63 16 9 42 -43 51 26 -44 2 36 -62 35 48 -53 21 49 57 41 56 -23 29 23 -46 18 39 -23 18 28 6 57 17 61 
55 27 -35 59 14 17 30 16 53 12 52 47 29 9 15 5 50 -55 27 15 -21 18 34 43 58 52 -2 50 46 -17 42 37 49 13 32 -45 9 63 -14 42 11 13 60 40 -4 63 46 25 58 9 22 13 28 61 7 22 -4 30 8 18 6 51 -40 9 0 -45 26 9 21 60 52 32 18 48 0 50 47 28 4 41 29 37 55 21 41 62 36 33 28 17 
7 34 -48 18 43 -3 62 6 -22 41 2 4 32 21 50 63 7 59 12 11 32 34 48 2 21 25 -52 29 58 60 46 1 -7 50 20 -20 54 18 46 4 60 -38 5 28 -52 55 27 47 23 39 -34 33 9 37 34 30 2 34 60 33 62 42 -37 60 29 63 38 19 -30 22 23 13 9 29 34 16 20 -39 31 43 12 56 13 9 2 47 30 38 17 46 
4 15 2 35 12 25 23 50 56 29 9 8 31 18 61 61 34 -53 54 1 35 22 58 38 63 60 5 7 34 -35 11 38 15 58 10 -25 5 33 -1 36 62 -59 27 29 -46 46 26 49 22 16 -51 41 38 47 9 37 -57 24 45 -58 57 56 11 42 50 51 38 56 61 21 28 -61 13 55 15 23 38 5 4 60 52 50 37 -23 26 46 -28 62 6 -14 
5 0 9 51 42 -35 42 16 -51 3 38 -55 25 51 18 13 11 37 26 15 -3 56 1 -4 59 27 16 36 25 -18 58 31 50 9 18 36 10 60 -21 3 63 -60 24 25 42 37 38 41 24 0 57 7 56 -41 27 52 -16 29 24 12 38 19 47 46 28 21 33 38 56 36 41 16 13 1 21 41 39 31 17 63 -21 7 7 -26 63 34 -56 17 0 27 
61 38 27 8 20 8 37 53 -10 63 25 -7 24 38 26 10 16 26 34 33 -34 58 40 26 11 39 19 16 57 7 46 54 36 30 63 -43 43 36 -10 29 35 56 57 59 17 22 5 -7 26 39 -62 29 34 -20 40 45 0 21 62 60 2 44 -43 21 10 -55 60 53 -27 25 19 24 16 12 60 45 34 36 26 60 32 40 25 -38 30 1 -10 60 22 -19 
19 24 41 33 45 -9 45 42 20 30 3 -55 51 19 52 3 0 57 24 26 33 21 2 10 52 33 -51 1 29 37 11 49 -23 2 18 -11 3 63 -51 57 30 53 3 17 25 24 20 -49 16 44 -8 3 2 36 16 54 -23 31 55 5 4 3 -12 1 5 -53 44 8 1 1 1 -59 26 4 -27 6 29 -26 50 45 28 57 48 -25 3 1 -33 45 32 43 
53 36 0 46 37 62 57 18 21 4 19 -40 44 45 16 38 51 41 51 38 29 45 31 -51 41 34 -6 28 16 49 6 5 -40 51 52 14 37 45 0 31 49 -62 26 30 57 26 4 62 55 55 -39 1 37 -56 60 14 -26 55 42 -50 19 48 -52 18 35 10 55 8 27 46 39 41 57 2 -56 49 28 11 28 20 25 46 21 -57 31 17 -62 50 9 23 
22 28 52 63 46 -49 28 38 -42 38 20 44 34 13 -44 60 62 27 26 27 -5 48 9 63 42 40 -17 51 26 -54 39 48 57 11 47 -42 18 11 -35 34 50 30 26 20 10 19 17 11 41 43 46 19 27 -3 19 6 -2 36 57 -41 62 32 14 52 43 37 24 62 -24 35 32 47 2 58 -43 46 14 -24 25 55 35 31 11 -33 46 30 26 37 2 -49 
55 0 -38 57 52 33 42 12 50 39 47 34 22 49 -41 26 32 -46 46 57 -2 46 25 -1 10 7 -44 43 45 42 6 36 4 2 29 -38 41 7 49 14 47 46 19 5 48 19 31 -24 33 14 39 39 60 -26 55 6 -56 38 50 17 22 56 -38 7 58 -25 43 35 21 28 49 5 61 5 37 15 24 -7 1 58 57 44 33 57 49 24 30 61 62 43 
54 21 -1 19 28 41 13 7 5 14 36 10 63 33 20 53 48 57 10 49 10 46 29 52 14 14 -1 52 11 -17 13 1 -19 30 20 61 41 33 -6 24 48 4 57 47 -46 30 36 -61 28 46 -2 20 28 -20 45 42 40 31 31 60 15 44 -17 20 10 -29 53 51 44 29 12 34 42 5 9 23 35 53 53 0 -23 3 20 19 47 2 31 42 33 -6 
48 48 -9 55 4 -27 19 57 28 17 22 -29 62 0 2 27 24 -49 27 13 56 10 16 17 22 0 61 12 42 -4 33 26 -13 34 17 -57 45 37 -4 43 54 -58 54 52 -42 5 15 -56 56 43 21 43 53 -11 51 11 17 60 23 -61 39 56 13 1 26 23 32 7 -4 55 51 31 37 41 -28 20 46 9 26 39 14 46 18 11 18 5 -38 54 2 -53 
4 41 21 44 42 -6 37 10 3 4 2 22 24 39 -42 33 59 -12 58 22 6 61 4 -4 54 22 40 59 12 -1 23 16 60 43 60 3 26 33 -29 17 37 22 58 62 10 13 31 -34 14 25 23 54 23 12 48 13 -23 48 8 -10 50 31 61 29 11 12 51 37 48 19 54 -24 53 49 16 62 62 -51 3 12 -24 30 2 46 61 50 -37 50 35 8 
51 21 62 4 51 -51 17 38 -28 0 57 -58 20 46 -54 38 44 -3 23 48 11 34 14 57 4 12 52 52 62 -29 44 50 -5 3 54 -6 38 8 34 46 8 6 44 28 -5 28 2 -52 9 25 4 3 60 11 62 0 21 44 52 -45 61 32 -8 36 36 -14 61 10 21 61 56 -62 53 36 38 28 0 3 47 10 -19 50 13 10 3 11 56 33 56 20 
61 53 -29 11 25 36 15 23 -43 28 20 31 48 9 2 33 37 13 19 20 -9 31 6 2 39 10 48 48 43 -35 45 40 49 10 51 -29 12 2 33 23 30 -40 27 15 51 3 48 1 43 3 57 30 35 34 29 10 -11 40 58 23 43 39 19 36 50 16 54 62 63 31 21 -8 28 48 49 34 51 -53 14 31 14 15 61 41 22 26 -42 39 3 18 
35 46 36 7 18 61 30 8 50 55 39 31 47 3 -35 54 38 34 45 52 -57 40 3 -8 5 25 -15 45 0 24 16 35 2 26 42 41 22 8 30 16 0 59 31 47 30 31 38 43 19 19 35 37 59 -2 53 1 23 31 46 25 12 62 -35 39 24 50 21 46 -44 12 62 -49 42 30 -53 11 61 49 19 16 13 15 54 42 14 43 -20 39 10 -33 
1 22 -52 62 61 16 37 19 55 21 31 37 5 9 55 37 20 2 42 39 -23 3 54 -15 24 5 -45 45 44 46 49 45 -36 52 43 28 15 17 -54 24 38 -54 32 44 15 6 17 -15 42 59 -47 30 63 27 8 23 13 29 4 -11 60 54 37 49 42 -63 35 57 42 41 17 -2 13 50 -63 59 56 -11 61 34 12 38 0 -44 6 8 53 43 37 -34 
61 33 -38 60 18 61 38 54 -55 34 31 -6 4 44 39 18 39 63 49 36 3 11 11 20 37 17 33 21 61 54 10 58 63 53 54 -54 10 28 47 24 62 -5 56 2 45 9 20 31 19 5 -9 0 17 62 45 54 -39 34 11 9 61 22 -3 58 11 17 9 22 -58 14 46 -2 50 38 -10 2 48 23 58 3 36 23 3 -37 62 48 -58 55 19 -29 
45 16 -49 29 10 18 3 19 51 6 33 50 7 19 -56 10 22 -52 34 16 61 0 39 -33 46 38 -11 19 29 -24 3 11 45 9 40 54 26 44 10 2 50 17 24 57 4 20 3 -54 1 38 -63 49 38 22 36 20 -61 8 39 -26 63 42 55 7 51 -20 25 14 -27 62 16 23 5 40 -63 32 60 23 16 61 -23 17 46 18 58 19 45 8 27 -62 
52 27 -25 43 34 45 11 59 -34 22 57 -20 20 63 -54 10 31 -26 4 47 -42 36 1 12 42 59 41 5 3 -38 7 56 -60 51 35 -35 19 46 11 1 5 16 63 25 -50 37 35 -9 8 40 30 40 12 50 54 55 18 24 60 63 21 3 -47 45 54 52 39 10 29 28 11 41 10 11 39 56 48 32 4 56 -30 0 32 20 61 23 -6 53 47 16 
49 4 -48 36 49 -40 59 24 12 1 52 18 11 62 22 47 54 17 54 59 47 37 59 0 32 57 -58 19 46 -22 1 31 -2 51 4 5 27 63 27 13 0 -5 10 12 -4 19 59 29 12 49 20 61 22 62 15 54 -1 56 9 55 16 11 -34 44 62 -12 57 25 -10 30 38 55 55 48 35 15 3 32 29 15 14 38 13 6 42 28 -35 40 21 -53 
20 37 33 31 18 -32 47 11 29 62 42 37 13 33 -61 41 48 -54 63 13 13 7 51 -5 36 30 -53 56 6 -6 22 26 50 62 57 48 37 40 48 36 38 14 10 52 -4 32 29 52 57 28 14 34 35 -53 24 8 -14 43 0 -61 18 22 35 31 21 58 62 58 42 41 30 50 61 40 -63 51 8 40 26 2 -54 14 36 -20 53 61 -44 59 40 29 
6 58 -51 44 26 -62 11 24 20 18 1 17 0 63 39 34 50 -57 33 12 -14 61 26 -2 60 16 12 3 11 47 10 17 25 40 61 60 27 8 1 8 27 -34 20 27 18 8 62 -46 4 31 31 3 28 50 38 24 28 6 27 7 14 38 -19 16 14 58 45 42 -40 34 50 40 24 6 46 14 14 -39 54 19 7 42 22 -59 57 60 34 24 2 -58 
2 16 -14 62 32 59 55 13 28 56 47 -32 21 8 -42 13 22 -33 3 12 -8 24 54 -36 10 48 55 21 8 -41 59 11 48 7 9 29 33 0 11 38 56 -63 29 13 -43 26 26 17 38 29 7 5 54 14 58 0 23 43 21 -10 30 16 -30 33 23 15 5 57 -24 54 31 4 22 60 -53 63 22 43 61 61 44 8 2 38 9 61 13 58 40 -54 
51 7 -45 56 40 -32 5 45 -18 19 35 -47 25 58 47 44 57 24 26 54 32 38 62 15 39 7 -31 41 1 28 1 53 -49 41 45 -32 40 50 54 33 5 11 56 30 -32 12 11 -63 54 37 -9 29 11 -55 6 51 5 45 28 -7 60 29 -36 18 6 62 16 47 -15 60 16 25 12 8 -11 21 20 13 24 10 -51 17 39 25 8 46 -48 7 27 60 
8 23 -21 61 41 -37 32 57 45 53 54 16 15 2 4 8 23 -1 12 47 -61 54 0 60 43 9 37 19 16 45 23 24 32 57 22 12 34 54 17 57 43 28 33 58 -15 17 3 38 21 15 -57 36 5 -10 27 48 54 63 3 -51 63 27 -16 21 20 53 21 54 11 14 48 41 61 17 -38 46 34 -32 54 55 -8 46 28 56 39 55 -24 40 54 15 
58 53 57 37 11 1 37 32 -6 28 46 24 61 43 28 25 25 -38 56 15 -9 39 62 7 27 37 -10 63 13 41 39 8 13 42 45 -5 2 18 -57 16 46 48 14 44 28 29 5 34 14 62 49 54 37 -57 59 0 24 54 63 20 40 39 63 16 17 -38 2 19 -63 21 35 61 21 49 51 1 14 -60 5 28 -4 25 19 29 43 14 15 34 4 -7 
39 45 34 51 61 4 45 63 -34 57 20 -29 51 42 -23 26 43 -58 6 48 16 48 10 -7 63 53 -57 14 24 39 28 63 11 18 50 39 25 31 -57 51 24 -31 49 12 -27 33 38 39 31 44 10 57 28 -9 39 27 -20 34 41 55 34 5 54 15 23 -32 57 48 -57 35 36 -31 33 21 45 9 54 15 28 21 17 31 15 -33 45 54 -43 48 24 49 
11 59 38 37 10 28 49 4 -39 29 39 -24 34 8 -12 50 17 23 41 45 -27 11 12 22 10 57 -28 35 41 -43 38 52 -57 46 25 -4 13 11 -27 29 40 -9 17 10 -53 27 61 4 27 38 2 48 49 15 21 59 -47 47 31 -4 34 5 -10 16 51 54 9 0 -44 5 30 -36 41 47 -39 20 10 62 17 37 -43 58 22 -12 48 43 44 32 26 25 
57 61 20 6 13 19 45 22 -30 31 28 33 58 5 -23 31 25 -29 1 42 -16 9 37 35 2 21 -36 55 53 52 11 46 -53 36 53 12 48 34 -60 61 2 -1 39 60 5 1 27 -55 38 28 20 48 37 27 16 39 44 27 31 -49 0 42 63 35 15 43 19 63 8 25 60 -38 60 36 -60 35 37 -50 36 11 -10 16 59 -55 32 11 2 6 38 -3 
34 39 26 44 10 38 43 29 -12 12 54 27 48 50 7 15 22 -48 10 58 22 32 10 4 28 43 2 63 49 29 1 19 -47 45 63 31 41 42 -51 36 55 -36 27 39 5 55 54 20 56 0 9 4 33 41 12 61 -57 32 60 -43 26 61 -44 59 42 -55 38 19 16 46 55 -7 44 19 21 29 10 -32 36 2 -24 38 6 -46 50 19 46 41 51 47 
17 13 9 13 8 21 9 46 51 47 28 13 12 8 -1 16 38 63 10 10 -26 5 48 48 33 34 -22 58 11 -35 15 29 -50 33 42 -35 30 51 -39 46 34 -50 53 46 -57 16 62 17 52 9 -7 27 14 -58 8 48 -38 8 42 49 59 58 -29 59 27 1 3 57 11 57 39 -53 11 29 -10 37 45 -44 38 33 10 49 60 48 44 4 -39 10 12 -15 
52 7 -33 58 2 -29 43 5 -44 16 62 34 23 9 29 12 47 -13 0 21 51 61 6 -13 9 50 27 4 61 -44 42 49 58 10 43 -37 6 23 -61 59 39 24 23 62 -37 17 10 15 55 11 -1 63 8 -29 4 17 47 13 22 15 34 0 -37 63 11 53 31 17 -33 4 12 18 39 35 -22 20 52 11 48 44 10 33 43 48 24 47 -19 2 60 -54 
40 31 -9 0 30 18 3 61 62 29 1 -1 30 41 -58 29 61 -39 38 46 -6 59 15 12 24 40 59 6 42 -23 11 18 33 16 18 -41 32 21 26 1 50 -8 46 16 54 62 45 -8 3 20 4 52 15 17 17 39 -63 29 45 -6 37 56 12 13 8 11 19 40 -22 22 41 56 27 23 62 9 22 55 53 25 -43 14 14 -15 55 31 -28 8 60 -30 
3 33 -26 17 46 36 49 1 -15 38 24 63 14 51 -55 7 61 16 45 50 38 39 0 61 48 56 33 32 0 -59 61 4 -47 19 21 37 50 6 -53 57 44 33 41 59 -55 49 2 63 15 47 53 7 22 -25 12 6 35 49 38 -21 17 35 -24 19 55 -10 4 41 -40 54 34 47 0 11 -20 61 61 20 56 12 15 36 19 -15 17 32 -14 54 17 29 
28 34 28 5 54 5 4 58 59 8 48 -24 57 48 2 37 45 17 19 37 -35 48 10 -59 35 27 60 28 18 38 59 46 -2 62 51 -43 55 55 7 26 0 39 30 57 6 46 31 44 59 50 8 21 35 24 2 6 -21 15 35 -14 45 30 -63 45 28 6 36 20 -14 20 46 26 53 12 -26 5 59 1 3 54 55 39 11 -57 20 13 -17 29 28 -53 
56 9 62 1 55 29 62 27 45 50 47 -30 38 36 -29 19 42 -15 32 45 -43 31 20 44 1 41 -14 41 6 35 53 63 36 31 0 36 37 62 -56 0 48 -50 8 22 20 29 42 -37 45 10 21 52 41 2 6 42 -21 37 19 2 33 8 -16 39 39 60 35 13 31 59 13 -48 2 21 25 45 51 40 3 32 54 6 20 50 29 26 26 30 0 28 
37 33 -59 43 8 -1 49 44 58 54 39 -44 44 41 -27 56 22 31 46 25 27 46 31 -9 23 61 4 42 27 -2 16 0 55 63 43 27 22 28 -1 57 19 -14 42 63 -7 48 55 -31 41 37 58 2 19 -27 48 42 16 57 20 -24 1 36 37 43 36 -8 30 58 -44 60 51 24 2 29 -51 48 13 -62 53 54 -33 20 57 18 18 41 -42 13 34 -13 
35 36 -57 57 15 -44 58 45 -38 23 42 -61 8 44 43 55 28 38 30 18 28 41 38 -33 8 56 28 16 5 34 45 40 37 46 33 20 19 27 -52 50 50 9 4 58 -1 52 50 -34 50 16 -49 38 57 -60 19 1 -31 41 18 -10 34 63 34 63 45 -61 44 0 22 6 50 49 10 54 -37 58 43 48 6 29 35 37 3 -45 41 22 7 38 63 -48 
39 34 -25 17 33 58 27 13 -26 1 19 -6 25 29 -6 43 23 63 48 30 57 4 3 51 18 44 -52 34 18 -42 3 58 60 36 11 -35 49 38 1 63 39 54 62 0 -60 52 44 -31 21 28 34 19 32 39 20 51 -37 43 21 -17 2 24 0 58 60 -7 20 46 -44 60 45 -24 55 43 20 15 32 5 63 53 26 13 9 63 30 29 -18 28 9 -11 
44 11 -44 54 5 50 11 26 10 6 22 -7 41 13 56 13 28 3 28 28 -40 8 41 38 20 8 -38 19 36 14 39 16 -63 19 6 -2 60 17 -38 19 23 5 23 1 6 7 14 -48 22 42 3 27 50 2 41 6 42 21 25 15 9 0 -25 9 20 -39 14 16 45 45 36 -24 34 59 40 36 2 -53 2 25 12 61 52 -58 33 30 -16 13 51 54 
29 60 -56 61 5 53 35 19 -30 26 0 23 40 34 22 56 6 -58 21 9 -22 29 6 34 24 39 59 25 52 -48 51 17 52 14 14 -44 61 49 1 61 11 55 32 51 -62 63 43 -25 33 1 37 27 30 -55 10 54 -6 23 15 43 23 3 43 20 17 16 22 15 -14 43 12 53 1 44 2 58 44 49 57 13 -43 1 40 47 15 51 -55 4 10 -58 
45 34 38 39 54 -14 47 12 4 40 55 15 44 57 -38 35 51 50 6 44 22 42 45 55 45 60 -25 38 0 23 46 45 -31 58 20 39 23 3 -2 3 43 38 59 23 6 31 58 47 48 1 48 13 43 -2 19 24 16 12 62 32 16 45 25 53 39 -26 17 62 -58 56 1 -14 23 60 -48 47 27 40 58 11 -34 49 25 4 21 44 1 53 57 -25 
21 9 49 34 62 63 3 15 -61 39 8 -10 54 31 40 28 15 -21 61 9 41 30 59 56 43 16 -1 17 6 44 53 27 23 6 62 -47 62 1 62 52 41 40 43 31 -20 30 60 -58 44 57 36 6 23 -15 57 3 -23 25 20 -45 49 9 14 19 15 -11 51 13 36 34 1 24 26 44 -6 49 10 -30 23 54 39 6 61 -31 49 54 -39 44 15 -63 
45 1 -57 9 20 -52 36 7 -49 0 41 -46 5 3 -14 41 52 31 10 11 -4 35 18 -22 20 3 -31 8 47 14 16 28 -24 33 37 60 1 9 20 46 9 -10 28 14 -63 54 56 33 26 2 19 53 37 -4 12 58 4 26 2 -36 56 19 -3 22 52 -57 9 54 -20 2 36 -61 37 1 40 12 55 -47 39 18 -35 13 7 44 6 19 -33 1 46 4 
44 38 29 50 60 40 30 5 39 20 8 40 19 45 61 32 57 8 38 32 -18 45 46 35 26 52 -38 1 53 42 43 33 -37 39 20 11 24 50 46 63 6 26 11 25 4 23 58 -21 27 32 49 49 13 33 14 40 -9 63 41 -18 29 20 35 34 60 -45 35 20 2 41 20 -41 56 31 -55 52 54 57 41 18 57 63 3 -34 3 18 9 59 17 -46 
41 46 -11 56 16 -49 27 51 54 48 29 20 12 21 -48 2 9 -33 49 50 8 1 50 -15 30 53 -11 35 49 53 17 26 21 20 18 37 19 45 50 39 29 33 14 42 -59 21 44 -40 18 29 -3 33 30 38 51 60 44 24 31 60 13 49 5 49 5 -31 38 25 -30 14 0 -54 19 14 47 45 35 3 16 53 -57 37 22 -14 45 10 36 42 34 28 
24 47 -19 32 33 -45 58 7 -45 1 21 -36 37 40 -62 52 21 21 46 37 -29 6 10 -4 61 55 0 48 33 36 2 57 -50 6 25 -38 15 19 29 49 20 18 19 58 17 3 46 30 23 28 -55 33 35 -50 1 32 2 43 16 -36 55 18 -51 50 24 19 15 39 -58 50 24 7 43 43 -32 11 47 47 1 6 56 27 39 2 0 40 61 29 19 62 
27 10 -38 18 61 -61 35 12 -3 8 62 33 1 41 -59 52 53 -17 21 54 -27 18 17 -45 51 18 -30 51 47 -36 4 10 26 39 28 36 34 0 19 5 8 52 1 9 -39 40 61 -45 62 18 -8 26 36 -38 30 23 -12 11 11 17 11 15 -59 21 54 26 29 24 -26 48 30 28 2 31 4 62 7 60 46 5 36 21 31 60 13 62 61 23 9 30 
16 20 -43 19 41 2 50 6 25 18 55 -42 57 57 17 42 55 -32 23 38 -40 23 59 29 59 8 -52 54 31 -4 61 47 -62 18 2 -1 30 52 7 2 6 46 4 0 -23 37 42 61 13 1 -47 58 24 -54 6 19 -62 17 10 -20 36 7 17 12 25 53 29 55 43 52 57 15 3 61 62 11 34 -3 10 47 63 48 41 -23 16 48 -9 57 1 -42 
0 37 -28 55 49 53 47 14 6 28 3 36 16 6 39 3 17 -42 33 27 -55 0 11 29 55 28 34 2 21 -29 23 21 19 51 12 59 41 60 12 22 24 -53 60 40 -26 32 44 -2 39 13 24 29 13 46 60 4 -39 12 7 9 28 30 -21 18 18 -47 58 59 38 48 17 -33 41 13 50 40 46 38 56 21 -8 35 50 30 26 46 -62 45 58 25 
21 23 34 19 41 7 29 35 61 35 19 -5 1 60 35 8 36 22 59 28 -23 59 0 27 8 26 11 26 8 9 50 29 57 41 48 -25 50 13 11 54 48 -20 11 50 17 46 58 26 62 54 -61 36 49 -36 59 58 -36 1 20 -46 2 6 -10 25 48 -11 26 34 -43 63 25 5 55 36 19 43 18 -23 4 17 -19 58 53 -49 47 48 -21 63 50 -60 
23 52 33 13 13 -25 51 40 -37 38 39 -7 10 30 -20 32 9 24 49 14 -37 55 8 -59 47 55 56 33 55 2 39 14 -46 52 27 49 48 14 46 15 53 36 7 63 54 36 32 37 19 17 -44 19 8 59 8 56 -23 45 25 6 5 1 20 16 53 -45 41 37 -28 42 53 -26 18 60 21 24 32 59 40 51 -6 5 6 5 43 14 -28 8 60 56 
28 1 5 62 17 27 60 59 33 9 37 58 10 56 15 11 16 -46 44 56 -44 30 62 45 25 41 -43 11 49 -47 23 13 -52 36 11 -33 38 8 -20 14 17 -23 42 27 56 3 39 56 61 19 -40 42 50 40 29 11 30 31 22 -38 29 46 32 28 18 -58 45 57 -35 56 7 -7 41 49 -55 18 53 23 12 50 -40 62 28 60 46 57 18 7 25 -19 
17 54 -52 40 19 -29 10 0 14 53 56 30 48 34 30 7 52 -52 5 0 -63 23 62 8 26 44 15 41 51 -21 14 4 43 33 44 -61 6 55 -40 37 44 22 10 28 31 33 36 -29 45 41 -40 43 0 23 5 27 7 25 4 -17 5 18 -10 40 51 -10 30 57 -21 20 30 -22 3 41 51 19 10 -63 24 56 -16 30 35 -56 34 41 -58 18 2 51 
54 7 61 31 48 -9 52 14 -13 0 35 6 56 38 0 12 57 62 5 18 -44 39 48 47 9 18 26 7 36 -21 8 27 60 28 58 1 34 46 50 34 46 -23 1 38 -6 8 50 61 26 55 -51 36 30 -48 18 40 5 40 47 -60 1 55 34 33 19 -25 49 54 54 15 24 51 17 25 7 56 34 29 25 60 -3 12 33 63 47 51 -13 36 27 13 
62 28 9 50 61 -42 33 46 40 61 62 51 8 15 54 56 7 -16 27 33 -58 54 45 -36 47 29 9 16 1 56 32 63 -5 39 50 -41 2 19 2 19 16 -15 61 24 -60 0 17 60 37 44 -48 6 34 9 9 17 -23 62 33 51 15 1 -21 61 41 -21 40 43 -38 1 63 22 25 60 34 63 60 62 45 33 55 60 39 -39 57 48 11 18 47 7 
45 62 19 8 59 -9 20 35 55 52 37 -58 36 62 12 44 61 1 6 43 -52 12 39 -22 52 32 -2 46 51 -45 10 32 -56 39 40 38 45 61 -9 30 49 -22 15 21 56 59 1 -34 36 7 -41 45 19 50 30 8 48 0 54 -13 16 0 -3 31 39 -32 42 20 -32 24 51 -10 43 2 8 60 61 -15 10 33 37 4 15 30 37 45 -13 38 45 -26 
27 62 63 48 29 -47 45 7 -62 40 31 16 19 10 58 20 6 20 22 17 -40 31 21 7 60 58 -60 33 32 -35 61 59 -52 25 43 39 28 25 -56 52 1 -31 63 20 22 12 40 -26 23 62 -25 3 30 55 62 26 49 38 60 -50 60 57 53 16 18 31 2 46 49 59 35 4 19 34 60 54 47 44 32 6 -6 26 9 4 42 7 48 51 45 32 
29 42 2 3 58 -35 20 60 32 62 55 -33 41 11 -40 40 1 12 16 33 -63 55 60 28 59 38 -50 26 25 -40 53 55 -40 9 58 -39 47 14 48 4 12 -24 59 53 22 21 29 9 30 46 -16 45 37 -32 5 32 -39 36 59 59 49 48 22 39 58 -42 24 41 -39 6 45 8 43 41 39 27 62 59 12 29 23 31 10 5 46 16 -63 35 52 42 
50 37 42 55 13 -7 55 37 42 4 43 40 30 22 8 44 49 -31 24 62 -9 50 29 -61 49 12 38 17 47 31 43 33 62 54 25 42 59 16 -21 42 20 -22 6 50 -43 11 31 -13 14 55 4 47 42 63 26 27 61 21 44 14 4 24 51 25 14 -3 59 10 0 3 52 -50 54 58 36 63 5 -11 58 19 50 51 2 42 10 28 41 44 49 41 
62 54 11 50 15 56 62 11 -29 27 14 -4 12 4 -28 47 3 -38 50 62 7 44 49 17 16 59 -12 15 40 27 59 38 -40 63 24 31 18 23 -29 46 50 -58 63 62 -23 9 45 -23 25 31 -15 60 11 60 33 27 -54 35 43 15 23 38 -29 0 38 22 57 56 -8 61 38 63 15 37 -22 37 47 -44 63 8 56 22 4 4 31 37 30 36 9 -22 
16 32 -48 35 32 17 15 26 31 17 23 44 6 39 -26 56 12 -26 24 11 -57 24 34 -49 35 1 -57 9 37 -21 27 54 6 19 25 40 49 40 63 7 58 -42 3 0 -7 37 56 -46 54 17 7 15 41 59 44 12 -21 47 21 29 58 48 35 38 3 15 50 52 61 24 59 -32 21 63 -11 58 36 31 43 27 -23 39 42 -37 6 23 32 38 6 31 
43 0 3 39 38 -63 60 24 50 57 48 37 49 6 15 40 0 13 24 43 59 25 18 24 3 24 42 57 62 -8 5 42 44 1 17 -4 0 13 -39 52 6 47 36 55 31 18 32 -39 37 56 -19 19 18 19 44 21 -50 27 15 -63 17 20 -56 7 21 62 35 21 -12 24 10 -43 62 46 2 41 0 39 21 38 35 43 57 15 20 37 13 22 1 -20 
22 18 19 0 25 61 59 60 -29 3 21 -10 17 19 -44 23 60 -52 61 17 41 28 61 -32 12 17 -55 18 39 60 39 61 -4 16 61 -37 14 56 28 34 59 -46 63 13 -22 11 36 52 23 34 -39 9 62 -11 52 10 -44 5 29 9 23 4 -1 59 21 -45 56 35 -28 50 5 -4 0 5 25 34 16 5 0 39 37 47 48 -42 28 36 -35 26 42 16 
63 1 11 34 61 31 3 53 -46 28 39 54 48 40 2 18 10 -47 24 10 21 0 57 56 38 21 -30 22 47 2 36 47 29 54 17 -18 29 20 6 39 48 59 55 33 46 12 51 -15 49 11 7 61 11 -15 57 49 -11 26 7 12 36 43 9 48 33 42 57 62 -15 56 38 2 30 29 24 44 42 5 4 27 13 38 25 5 1 18 10 50 44 56 
19 17 -46 34 1 30 3 59 -9 57 51 -20 31 17 -21 38 61 54 32 1 -49 37 39 15 53 40 -32 54 27 -20 62 46 -20 50 16 52 8 20 -4 28 13 -16 22 44 19 45 18 -44 47 50 -38 12 23 -36 2 12 27 10 2 51 63 0 -7 5 51 44 13 59 56 15 23 -50 5 45 37 11 26 31 15 9 -16 19 21 -20 63 23 -48 19 34 -27 
2 33 28 31 39 14 12 52 1 14 3 43 28 8 56 23 20 -45 35 35 -22 34 54 2 55 53 -20 25 8 61 60 10 34 32 41 -57 55 54 22 9 4 -58 50 32 3 8 55 43 57 27 57 51 61 -40 2 52 16 41 13 55 50 10 62 29 42 -48 46 34 -42 52 43 -54 61 30 48 14 38 -15 52 31 -31 60 18 56 59 21 19 48 62 10 
45 49 -63 52 14 2 37 60 29 12 48 -45 55 45 4 3 60 33 6 48 -57 36 44 19 63 40 -53 14 24 8 43 5 -48 18 57 -4 36 31 11 23 43 -43 54 35 -52 51 38 60 23 44 2 26 16 22 47 15 7 26 29 45 3 9 -16 29 27 -59 5 63 59 41 23 -22 62 13 -48 1 1 -42 63 24 52 46 50 4 9 33 52 12 59 32 
39 62 2 7 27 -38 32 32 -16 25 10 11 61 8 -50 4 9 -22 49 9 57 10 55 -53 51 0 -40 43 12 -3 0 51 -16 31 58 -54 25 26 51 18 51 10 35 48 -46 1 52 28 32 37 -40 23 47 -58 0 34 51 10 13 -24 16 14 63 21 45 -14 53 6 -4 53 24 -48 0 59 16 19 60 -45 47 28 30 21 51 -27 49 51 -20 14 62 37 
54 14 -29 18 35 -18 39 24 -40 23 14 -55 59 14 10 15 33 51 23 16 -44 5 37 -18 35 23 -6 35 37 33 48 27 16 12 45 -11 20 21 -45 35 44 27 10 39 25 44 54 -42 11 14 44 7 19 38 54 54 -56 24 25 -4 57 10 -13 40 22 45 58 42 -52 37 13 1 30 23 -25 37 4 -61 13 15 24 6 22 -58 36 12 -26 25 37 38 
51 30 -29 40 6 62 11 0 -41 3 38 -51 40 4 30 52 42 15 54 55 18 7 61 49 43 33 28 5 58 3 57 45 63 55 22 33 11 33 -43 10 37 -27 22 13 44 57 1 3 33 55 -10 24 62 -13 37 41 -42 63 47 31 62 40 9 27 32 -56 62 43 55 34 53 -21 43 11 27 57 5 -25 49 38 -40 33 62 55 14 35 9 28 35 -12 
37 33 -42 28 61 -40 40 59 -24 22 29 30 41 9 13 9 2 4 42 52 -46 3 21 -56 26 35 -40 26 63 -51 10 37 -15 34 1 52 26 41 -8 61 0 -41 22 41 -33 59 51 4 36 29 0 52 32 1 1 58 49 50 21 46 6 31 -56 60 1 -58 46 27 40 28 24 -34 40 47 24 60 42 35 19 14 37 30 2 36 62 4 33 1 54 -36 
4 61 -8 43 57 11 20 39 36 38 4 -13 56 44 61 51 40 -31 34 60 25 46 26 -9 26 25 3 1 26 -51 61 30 -33 24 10 -29 52 30 -51 43 4 -51 59 60 -15 57 47 -39 34 17 -57 25 63 -14 18 26 28 16 27 38 4 25 5 53 49 57 31 38 56 48 17 -22 6 12 -21 7 6 12 49 40 47 23 1 51 24 19 -13 49 35 -33 
37 39 -5 56 28 -1 20 59 44 15 44 -25 13 50 -37 8 57 4 50 43 4 45 2 51 40 26 -63 61 12 -8 46 49 -44 55 41 -4 50 62 9 19 13 1 6 26 -24 5 34 -17 10 20 37 55 2 25 37 42 -10 38 40 6 11 22 63 24 13 -39 1 0 -38 37 19 35 54 25 -25 56 30 -47 52 40 26 27 31 52 5 4 2 9 43 -59 
25 54 3 26 14 8 5 15 -5 46 53 -56 36 43 19 53 35 -14 40 24 29 47 51 -45 57 56 19 45 1 -55 9 26 50 59 53 -37 58 58 -1 58 41 -33 13 13 51 57 2 44 4 42 -31 56 26 -58 11 19 34 34 0 46 37 9 45 30 4 16 37 62 -1 60 56 -14 8 5 -36 63 63 -35 26 3 -13 12 59 -6 50 6 -26 17 41 -16 
49 14 20 43 44 29 27 17 -52 5 14 -55 24 22 45 56 22 59 27 48 36 41 60 62 16 47 26 11 0 4 5 49 12 9 28 12 16 55 39 22 60 11 21 20 -34 25 13 11 28 40 -9 34 17 -61 36 34 -14 45 45 -32 30 50 2 30 59 53 9 12 -44 6 34 9 17 55 25 51 16 14 42 44 -4 18 15 23 54 51 24 9 32 29 
28 63 -34 32 29 39 0 38 -50 24 45 -28 45 62 -28 22 49 48 12 28 -57 42 46 9 26 36 -34 44 45 40 43 9 35 29 41 27 10 41 -44 3 2 44 30 47 -16 49 5 58 21 17 -47 37 59 -23 4 22 -3 22 2 -57 9 46 -35 59 11 -7 10 21 9 0 24 31 34 54 5 3 40 11 22 61 -9 4 34 4 33 38 -6 33 60 40 
15 6 -13 5 1 -16 37 12 6 46 12 -61 57 46 56 51 50 12 50 8 45 2 12 26 13 45 19 47 15 62 19 30 -13 37 35 19 2 8 -13 52 54 29 62 47 -1 62 34 -57 39 20 -25 12 22 -8 20 36 28 1 19 15 43 38 -48 27 11 -22 13 13 32 10 1 57 20 63 6 12 61 -55 54 36 -34 40 49 -22 38 5 50 18 6 -23 
13 50 -11 38 13 -7 35 26 44 40 37 -51 35 57 -36 14 5 -61 28 59 -52 62 35 -34 54 9 -61 19 28 -34 2 41 28 24 16 56 56 51 7 38 27 33 20 62 -19 2 13 32 45 41 49 60 39 -49 61 29 39 2 48 24 14 51 -32 12 11 20 24 3 -40 62 41 10 9 62 20 13 0 -59 22 45 19 26 41 37 1 38 29 49 41 -20 
62 55 51 52 4 40 58 28 -4 51 26 25 7 35 14 25 48 -26 57 6 42 1 32 -40 49 33 10 62 18 61 59 16 7 44 4 -46 39 62 6 38 49 -21 15 56 -47 53 18 -12 28 11 36 47 12 -53 44 61 -11 16 59 18 28 55 -20 32 35 23 40 10 -6 12 49 33 10 0 -55 43 53 -53 60 17 36 19 1 32 10 45 37 34 61 6 
13 26 -24 8 58 61 7 35 -32 5 47 25 53 58 43 29 37 -12 23 34 10 28 53 -41 45 0 -15 60 34 36 7 47 -43 8 55 -39 45 63 50 28 4 39 60 57 -39 28 22 -49 49 45 -58 24 9 17 0 55 50 22 51 -26 41 58 -9 22 3 7 61 48 -17 8 12 -32 2 8 -62 54 36 14 15 21 -50 11 46 -26 60 46 45 45 4 17 
0 45 -47 3 3 18 62 1 -44 55 9 44 53 11 -19 45 1 8 59 16 33 54 27 3 59 23 59 55 4 10 39 5 60 17 8 -27 62 6 21 27 62 63 4 51 -61 53 32 46 10 27 18 52 18 -30 13 13 -8 20 5 44 31 44 54 24 61 52 21 59 -20 18 22 13 25 26 39 42 15 -53 61 25 46 32 13 -17 30 26 25 52 46 43 
15 14 -26 46 38 -39 22 59 -42 5 14 -24 49 39 -13 17 17 35 18 14 -63 46 46 20 28 13 -24 23 1 48 24 16 54 4 63 -18 46 21 -11 18 26 31 13 12 -35 33 29 63 5 47 31 1 29 -44 11 57 0 48 17 -52 3 41 41 36 45 9 43 27 -33 46 46 -59 63 59 17 55 28 35 1 33 -4 25 35 19 31 46 13 51 30 60 
8 33 4 45 5 2 18 49 -42 12 31 -2 32 31 42 1 22 14 63 23 -5 44 48 -13 55 16 -62 60 3 21 17 11 -48 16 56 -27 60 10 12 3 22 -14 57 55 -20 41 56 30 54 55 -6 37 35 -36 54 27 -47 54 23 24 21 40 45 21 56 2 26 52 -34 17 56 -47 39 49 -34 28 26 -41 39 17 6 10 54 63 30 44 62 1 35 -32 
40 56 8 25 13 2 3 39 1 56 56 33 3 31 17 5 59 58 63 35 -12 48 45 -32 4 11 57 52 13 1 58 53 -4 41 14 57 17 18 -42 45 10 30 1 13 58 6 18 -40 37 17 -53 22 1 -59 60 5 -29 15 57 36 5 52 -14 51 29 32 46 46 -6 17 27 28 44 28 15 38 34 -16 28 8 -51 53 30 -29 60 26 58 14 42 -63 
45 47 22 1 35 -5 35 17 47 24 34 -18 22 14 21 34 53 -16 63 17 -25 46 7 54 29 3 -2 18 17 31 1 62 -21 35 63 11 35 34 -7 18 58 -60 28 17 -49 2 51 14 11 50 25 28 32 -23 11 62 10 21 16 15 8 17 -28 43 53 33 49 24 55 9 42 -38 3 6 -45 11 9 -6 9 20 -17 24 49 -56 46 60 29 7 17 -30 
49 26 31 25 5 34 0 55 21 9 0 -7 13 3 -23 34 14 -52 42 23 56 37 47 -35 0 29 46 25 36 -27 2 21 -34 61 46 59 45 46 57 54 56 24 41 5 -37 34 40 0 37 18 -35 60 55 -60 4 55 -45 8 16 -42 30 19 25 14 16 58 4 62 16 48 52 19 29 29 -43 12 63 -18 10 36 0 32 32 -60 37 36 53 7 45 44 
14 11 -47 43 26 -7 54 30 8 47 14 -61 33 43 -31 24 56 20 55 2 -41 40 34 42 17 7 33 50 15 35 35 29 -27 39 8 -14 59 62 -49 14 46 -36 20 15 3 56 39 -42 27 30 11 34 6 -54 10 24 2 23 10 -55 16 45 58 21 20 39 52 15 3 49 29 28 61 50 62 52 42 -10 35 5 -16 20 39 -20 40 50 -26 4 9 -45 
46 25 22 54 47 -63 7 35 3 22 21 36 19 18 40 31 6 31 18 41 -27 35 61 8 58 38 -14 42 42 -4 35 24 9 10 15 54 4 22 61 14 44 27 54 63 -20 15 30 -14 19 48 58 27 19 16 11 13 -3 45 55 58 24 27 -54 29 37 43 16 41 55 39 56 56 19 46 2 17 61 2 21 16 -10 2 44 5 45 55 -37 61 37 22 
56 61 -47 11 26 -39 45 43 30 37 18 -19 9 38 32 44 55 17 45 13 45 30 15 -5 34 60 -46 51 58 -46 60 50 46 32 61 58 41 42 -29 28 15 28 6 24 58 31 4 -31 53 49 -56 27 15 -55 46 49 -50 56 36 -6 39 33 -55 19 1 -61 26 43 -61 12 7 63 17 13 57 59 44 -30 29 33 2 12 61 63 11 43 -17 6 35 26 
59 10 16 34 29 -15 6 56 59 20 4 -49 49 21 -41 38 17 45 31 46 25 9 59 9 2 6 55 44 12 45 58 7 -4 42 41 2 27 47 -55 55 3 -30 26 52 43 10 26 14 39 57 58 38 2 32 33 4 -40 8 48 -34 17 42 -28 37 20 -6 22 47 26 63 38 46 44 0 -50 47 11 -31 3 50 1 6 24 -8 3 58 60 7 2 -3 
22 19 4 45 56 32 44 14 12 27 13 40 12 58 13 50 41 -56 49 45 60 42 51 -49 36 54 61 35 61 1 17 20 6 42 1 2 24 45 52 53 8 39 56 21 -21 60 7 -22 11 56 -13 13 34 -16 39 7 -38 59 42 38 17 59 5 58 38 9 28 62 -11 13 51 17 11 43 -42 3 40 63 36 51 -8 51 0 54 52 39 36 44 34 -50 
34 51 -40 43 46 5 54 10 54 46 23 47 46 34 -40 4 37 -11 32 10 14 53 61 22 45 49 29 43 30 22 20 0 59 56 43 -30 2 33 58 10 15 -60 5 62 -46 43 2 9 58 34 18 60 24 24 62 5 -53 40 48 59 53 4 -63 53 60 47 35 62 55 27 8 7 43 13 -10 30 57 10 54 51 58 24 47 -48 55 45 47 7 22 54 
54 11 -15 36 0 -16 62 35 -10 58 62 -13 5 42 -60 14 8 1 25 62 -24 6 22 -58 12 13 -39 22 20 13 17 10 41 17 47 40 13 45 43 7 39 28 10 44 7 27 58 -19 36 19 22 33 26 -43 12 38 0 37 60 19 20 14 16 14 31 -15 8 44 28 37 51 8 1 62 -11 6 25 14 20 61 39 31 30 41 1 43 36 47 16 -1 
50 37 48 0 51 -31 60 60 63 38 33 3 56 34 -43 54 41 48 46 61 -33 58 28 -7 32 29 11 44 13 29 53 63 13 11 63 51 1 60 -1 34 34 -37 55 26 20 10 16 -7 54 63 46 32 57 10 40 26 34 27 6 45 30 59 -10 7 7 -42 35 8 -20 59 42 20 52 34 16 16 44 10 21 35 -46 23 3 61 54 43 61 50 6 37 
59 36 53 3 43 -43 11 14 36 15 9 35 54 62 21 55 14 6 8 36 -27 25 59 -55 35 49 -14 7 35 19 49 30 25 23 34 58 4 45 -16 57 61 -14 25 51 -38 26 42 -13 8 50 -9 25 11 -60 45 46 41 44 53 4 49 39 62 27 62 0 48 3 -26 19 60 18 0 21 -30 43 48 20 37 56 -5 2 18 33 27 63 2 38 44 12 
20 29 35 32 56 60 15 40 -35 43 60 -16 4 60 -40 16 40 -29 6 13 -49 46 15 54 34 43 26 5 17 44 29 37 63 28 5 19 25 20 51 26 63 -57 23 3 -18 41 19 -52 44 25 10 39 8 -39 52 42 49 0 47 6 57 12 18 15 40 -52 29 2 -4 20 28 54 7 51 -57 55 28 -44 14 8 35 51 47 -17 39 35 23 6 36 -32 
54 29 10 11 44 -13 37 9 13 20 30 -10 3 37 -35 53 28 -47 58 43 -10 25 30 -55 0 5 -63 18 11 54 19 1 15 32 12 57 22 49 24 14 6 23 34 9 52 41 62 28 13 56 -36 57 18 52 20 18 62 19 36 -29 54 55 -33 54 24 4 34 46 -33 24 61 25 43 31 58 36 9 48 58 22 22 58 15 63 25 35 -37 60 55 61 
43 45 1 26 36 -34 22 6 14 3 30 -40 54 10 -24 50 46 -38 44 40 -57 30 35 -52 35 60 -7 58 56 -48 53 35 -58 40 62 24 51 20 -55 45 23 40 35 13 5 57 63 -53 24 43 -49 13 9 43 17 44 -50 57 38 43 23 28 -23 35 4 19 19 56 -9 10 37 42 31 8 -10 62 2 -36 11 26 -60 1 40 -13 26 57 -13 47 50 -44 
61 10 28 46 45 -11 29 1 10 32 11 26 58 42 60 33 40 33 7 51 -38 24 53 -37 50 15 55 57 63 34 39 60 33 48 42 -62 62 7 -52 4 39 -56 47 33 29 35 2 -7 24 9 -10 40 33 1 32 19 21 18 13 56 54 52 -58 36 36 -27 63 35 -23 28 39 8 3 23 44 21 58 3 14 18 31 59 59 12 29 27 -19 15 45 -13 
